# name_prefix; us_data_stock_watson_2012
# description; Stock and Watson 2012: US indicators
# lag_parameter;4
# number_predictions;100
# horizon;1
# max_attributes;15
# predict;Sfygt10
# prediction_type;rolling
# method; Part-GFS_granger_graph(n_components=15)
"Sfygt10";"GDP251";"MSONDQ";"MOCMQ";"CES049";"FYAAAC";"GDP274A";"GDP275_1";"GDP276_1";"GDP284A";"IPS18";"CPILFESL";"LHEL";"CES140";"Sfygm6";"EXRJAN"
0.00764818355640529;0.00674133669874321;0.0176932789667134;0.00363283052188774;0.00850520944078146;0.0205269607843134;0.00269005136934253;-0.000301755669348951;0.00110286473635205;0.000287530421745538;0.00722620164260229;0.000891729741683906;0.0516605166051662;0.00196418255343711;0.0166358595194085;0
-0.0560866794136399;-0.000199821212599236;0.00382818217643254;-0.0227869218101212;0.00986797595345527;0.0110294117647059;-0.000258366515699503;0.000713240673006578;0.000641831117057321;0.00248508435937196;0.00682534020905197;0.00071338379334679;0.0258302583025826;0.00358174465626826;0.120147874306839;0.000311407080919257
-0.116634799235182;0.000925487721512342;-0.00566989166887832;-0.00344645317803923;0.0037886842054376;0.00888480392156895;-0.000379950758381693;0.000128017556693483;0.00100342611258261;0.00325525513190455;0.00281021536303869;0.00107007569002049;-0.011070110701107;0.00748700173310224;-0.0998151571164511;0.00108992478321157
0.0497131931166348;0.00586843350686228;-0.00926484425893238;0.00216319933515227;0.003054143390101;-0.00153186274509836;-0.00120064439648622;0.000201170446232645;0.000433913994630331;0.000318337252646845;0.00401465980954802;0.000713383793347322;0.00369003690036862;0.00556903523974559;-0.0369685767097968;0.00108992478321157
0.124920331421288;-0.00134616395856339;0.00961870983826741;-0.00650181947062782;0.00256122784296202;-0.00919117647058828;-0.00113985227514518;0.00190197512801754;0.000433913994630298;-0.000410757745350728;0.00702530588936177;0.000356691896673148;-0.0295202952029512;0.00554592720970536;-0.0258780036968573;0.000467110621376943
0.0395156150414264;0.000420676237051051;-0.0100932114105564;0.00675847023920527;0.00226161251038981;-0.0128676470588235;-0.0023404966716313;9.14411119239352e-05;0.000786469115267443;0.00145818999599511;-0.000802187903564521;-0.000178345948336565;-0.0295202952029523;0.000231080300404182;0.029574861367837;-0.00604848368705868
0.0203951561504149;-0.00348109586159751;-0.00451178613651168;-0.0095877394261411;-0.00334409371194309;0.000612745098039557;-0.00135262469983899;0.00152706656912946;0.000696070366386145;-0.000996087532475548;0.000401791506481036;0.000891729741683906;-0.0405904059040592;0.00478336221837087;-0.0147874306839187;0.00170076174962741
-0.0274059910771185;0.00159856970079404;0.00205081188023257;-0.0120656414894306;-0.00360504900160625;-0.00459558823529418;0;0.000640087783467449;0.000361594995525254;0.00145818999599511;0.00200709738654197;0.000356691896673129;-0.0147601476014756;0.00339688041594453;-0.0757855822550828;-0.00184448809466653
0.00956022944550661;0.00501656412683389;-0.0013591655206249;0.0326526995688884;-0.00159472677014671;0.00122549019607813;0.00357153712878821;-0.000822970007315287;0.000885907739036883;0.00404596379170477;0.00923376406560833;0.000535037845010244;0.0147601476014756;0.00506065857885614;-0.00184842883549019;0.00933023523211918
0.0363288718929256;0.00440658358310982;0.0209906627741446;0.01180593535456;0.00465853517097494;0.0140931372549026;0.00334356667375906;-0.000173738112655435;0.000587591867728562;-0.00057506084349104;0.00742709739584271;0.000713383793347322;0.0295202952029523;0.00700173310225302;0.0609981515711645;0.00188041968092645
-0.0312300828553232;0.0056475784824105;-0.00207493907882357;0.024284051293489;0.00197166218854508;-0.00245098039215716;-0.00100307000212776;9.14411119240337e-06;5.42392493287913e-05;0.0023105123175979;0.0128475624416089;0.000535037845010244;0.0405904059040592;0.00390525707683461;-0.00369685767097927;0
-0.0420650095602294;0.00506914865646526;0.0102942713988154;0.00384365079607545;0.00707478785301454;0;-0.000151980303352655;0.00152706656912946;0.000903987488813135;0.00052371612532217;0.00301064607981237;0.000356691896673128;0.0184501845018442;0.0040901213171577;-0.0536044362292054;-0.000515019403055317
-0.026131293817717;0.00313403796603037;-0.00170498870042946;-0.0132511236109535;0.00601163667291572;-0.0104166666666663;0.00179336757956172;0.00067666422823703;0.000271196246643958;-0.0029574557665253;0.00602222223255673;0.000713383793347342;0;0.00577700751010954;-0.0573012939001848;0.00025152110381832
-0.00127469725940149;0.00267129410527425;-0.00399707256656933;0.0133030648379278;0.00290916822917869;0.00367647058823522;0.00153500106386211;0.000557790782735917;0.000741269740826793;-0.000195109929041582;0.00481824282251009;0.000535037845010245;-0.011070110701107;0.00688619295205062;0.0406654343807764;-0.00366502179849582
-0.011472275334608;0.000715149602986818;0.015763103079434;0.00666069851784207;-0.00069588077242768;-0.00735294117647051;-0.00275084349068368;0.000877834674469643;0.000262156371755813;0.000431295632618251;0.000802652940031165;0.000356691896673127;-0.0147601476014756;0.00478336221837086;-0.0517560073937154;-0.00913860010540168
-0.0197578075207138;0.00384918756901719;0.00698884519185227;0.0174308646992138;0.00480351033189447;-0.00551470588235299;1.51980303353411e-05;0.000923555230431593;0.000750309615714905;0.000431295632618289;0.0160586392381949;0.000356691896673681;0.011070110701107;0.00681686886192993;-0.00554528650646952;0.000431179035117246
0.00701083492670418;0.00371246779197558;0.00934526825423555;0.0145496542853046;0.0035663889586918;0.00214460784313694;0.00217331833794341;-0.000283467446964144;0.000524312743511628;-0.000441564576252032;0.00501867353928653;0.000713383793346791;-0.0073800738007383;0.00402079722703638;0.0147874306839186;0.0126239639725986
-0.0541746335245373;0.00566861229426304;0.00517930529752939;-0.00336701365443255;0.00205864728509846;0.00612745098039246;0.0021277242469375;0.0013624725676664;0.000298315871308352;-0.000729094997997571;0.00120444444651081;0.000713383793347341;0.0073800738007383;0.00612362796071612;0.0221811460258779;0.0026230057969624
-0.0223072020395157;0.00238733764526477;0.00588703645619706;0.0157931883663873;0.00640790211277131;0.00428921568627396;0.00232529864129618;0.000384052670080483;0.000741269740826793;0.000308068309013063;0.00722666667906764;0.000891729741683393;0.011070110701107;0.00787983824378992;0.00554528650646946;-0.000946198438175894
0.00509878903760369;0.0069306410054162;0.0170338022052259;0.0100582658352002;0.00648522219859759;0.00398284313725544;0.00153500106386211;0.00174652523774688;0.000298315871308321;0.000780439716166403;0.0072262016426022;0.000891729741683906;0.011070110701107;0.00679376083188907;0.00739371534195971;-9.58175633570812e-05
0.0140216698534097;0.00367040016827049;0.0221165987083891;0.0144702147616962;0.00438791487058454;0.0027573529411765;-0.000911881820116148;0.000429773226042434;0.000406794369965935;-9.24204927039186e-05;0.0150550905449246;0.000178345948336545;0.0258302583025826;0.00529173887926032;-0.00924214417744934;0.000263498299236997
-0.00509878903760341;0.00436451595940474;-0.00989215142229836;0.0140577403121976;0.00698780275646116;0.000306372549019329;-0.000759901516763384;0.00106986100950988;0.000569512117952276;0.00248508435937192;0.00361333333953384;0.000356691896673662;0.0258302583025837;0.00489890236857328;-0.00554528650646946;-0.00123365112825069
-0.0395156150414278;0.000872903191880978;0.0132297472273844;0.00230069081831874;0.00798329886146357;0.00183823529411761;-0.00151980303352688;0.000886978785662013;0.00032543549597275;0.00341955823004489;0.00702577092582712;0.000891729741683906;0.0184501845018442;0.00984402079722702;0.0129390018484286;-0.00562928184736355
-0.0337794773741237;0.00798233159804386;0.00840430750918766;0.0273669158827109;0.00845688438713978;-0.000919117647058803;0.000577525152740154;1.82882223848067e-05;0.000424874119742187;0.00713691582546904;0.0114422222418576;0.000713383793346827;0.0258302583025836;0.0069324090121317;-0.0295748613678372;-0.00334163752215788
0.00382409177820264;0.0045012357364463;0.00894314827772091;0.00687151879202977;0.00948137552432676;0.00214460784313694;-0.00288762576370099;0.00221287490855886;0.000551432368176024;-0.00106797013791194;0.000803583012961961;0.000535037845010244;0.0405904059040582;0.00813402657423432;-0.0166358595194084;0.00880323863364152
0.00892288081580633;0.00684650575800604;0.00940960745047895;0.00576547619411355;0.00845688438714268;0.00490196078431433;-0.00395148788716979;0.00155449890270667;0.000406794369965904;0.000318337252646843;0.00381376405630751;0.000178345948336546;0.0295202952029523;0.0124090121317157;0.0258780036968578;0.000598859770997051
-0.0140216698534098;0.00832938949361092;0.0294030126828625;0.0191907556837454;0.00716177294956791;0.0107230392156857;-0.00434663667588683;0.000521214337966338;0.000551432368176024;-0.00119119746151713;0.0106386392288956;0.000891729741683904;0.0774907749077487;0.0116233391103432;0.0295748613678372;-0.00249125664734562
-0.0280433397068197;0.00862386285954672;0.0204437796060849;0.0258331220038311;0.00813793903311337;0.0183823529411765;-0.00110945621447461;0.00384967081199707;0.000840708364596234;0.00538092646409461;0.00863154184235362;0.000891729741683906;0.0553505535055349;0.0122703639514731;0;0.000179657931298594
0.00637348629700435;0.0012515118052269;0.0178621693568485;0.00038497615286609;0.00829257920476287;0.0174632352941177;0.0025076750053193;0.00233174835406001;0.000741269740826795;0.00271100111931489;0.00722666667906763;0.00178345948336728;0.011070110701107;0.0147429231657954;-0.00739371534195921;0.00256311981986557
-0.0184831102613128;0.00238733764526482;0.00186583669103435;-0.00823115679223199;0.00943305047068507;0.029105392156863;0.00276604152101891;0.00149963423555229;0.000515272868623483;0.00386112280629689;0.0094351248553155;0.00160511353503073;0;0.0129636048526863;0.0776340110905731;0.000826426483974352
-0.0579987253027407;0.0029342167534311;-0.0190122324896857;-0.00172628195531196;0.0063982371020441;0.00582107843137224;0.00281163561202461;0.00121616678858817;0.00134694135833161;0.00575060843491033;0.0100364170056395;0.00178345948336728;-0.0147601476014756;0.0125476603119584;-0.0480591497227359;-4.79087816820378e-05
0.0528999362651371;0.00326024083714574;-0.0530074553043646;-0.0148490801819776;0.00518044575029283;-0.0242034313725487;-0.00188455576157323;-0.000667520117044625;0.00102150586235886;0.00588410470214929;0.014516113281023;0.00107007569002045;-0.011070110701107;0.0110687463893726;-0.1090573012939;-0.000503042207636639
0.208413001912046;2.10338118525749e-05;0.0202829316154776;0.00694179221675967;0.00398198442000461;0.0131740196078428;0.00348034894677648;0.000164594001463063;0.000677990616609891;-0.000441564576252031;0.00463269327264343;0.00142676758669415;-0.0147601476014767;0.00873483535528594;0.1090573012939;-0.00189239687634513
-0.0407903123008285;0.00294473365935742;0.0155700854907062;0.0135261065772873;0.00437824985985744;0.032475490196079;0.0081613422900392;0.00241404535479151;0.000822628614819947;-0.000349144083548115;-0.00109888116876736;0.00196180543170439;-0.00369003690036862;0.00725592143270021;0.186691312384473;0.000682700138935455
-0.0108349267049077;0.00282904769416836;0.000812282352563531;0.0130005835749616;0.00319911855102054;0.0376838235294118;0.00749262895528743;0.00131675201170445;0.00106670523679954;0.00192029245951467;0.018093638812687;0.00196180543170382;0.0184501845018453;0.00727902946273828;-0.0110905730129388;-0.000611316054235034
-0.0630975143403442;0.00776147657359204;0.135956764060125;0.0114942879927159;0.00393365936636292;0.0091911764705882;0.00452901303990995;0.00223116313094367;0.00126558248433839;0.00252616013390704;0.00349567911367815;0.00231849732837806;0.011070110701107;0.00885037550548343;-0.177449168207024;0.000439802615819551
-0.0643722115997451;0.00653099858021775;-0.106875447358475;0.0054079983378808;0.00880482477335356;0.0116421568627446;0.00445302288823378;0.00197512801755671;0.00147349960676544;0.0072087984309054;0.0054725491299405;0.00196180543170386;0.0258302583025826;0.00727902946273828;-0.0351201478743072;7.89297178184212e-05
0.00764818355640534;0.00266077719934793;0.0359656106996091;0.000125270017996337;0.00879515976262921;-0.0162377450980387;0.00601842001276625;0.00215801024140454;0.00122942298478592;-0.00432322526981649;0.00916912399685776;0.00267518922505119;0.0332103321033209;0.00824956672443672;-0.0184842883548981;-0.00840882958846234
-0.0152963671128107;0.00166167113635163;0.0173152861887882;0.0336579150791494;0.00836023427985916;0.0153186274509798;0.0067175294081887;0.00268836869056328;0.00151869898120609;0.00250562224663949;0.00701507508711247;0.00285353517338826;0.0516605166051662;0.00522241478914393;0.00184842883548969;-0.00575935418962426
-0.0191204588910133;0.006236525214282;0.0443297062111443;-0.00433250940289021;0.00595364660854666;0.0419730392156866;0.00370831940180552;0.00138990490124358;0.00148253948165356;0.00542200223862969;0.0105116842737228;0.00267518922505119;0.0295202952029512;0.00714038128249567;0.0277264325323475;-0.000906673693286564
0.0140216698534099;0.00114634274596415;0.00780112754441342;-0.00123742334849802;0.00827324918330857;0.0171568627450984;0.00559287516337886;0.00341989758595466;0.00169949647896875;0.000605867674392309;-0.00290322265620457;0.00321022707006143;0;0.00522241478913688;-0.00369685767097933;0.00181358693048306
-0.0618228170809434;0.00250302361045382;-0.00349844379569086;0.00967634504862641;0.00902712002010225;0.0162377450980385;0.00361713121979391;0.00439831748354058;0.0022418889722566;0.00494963083147636;0.0135860403493535;0.00285353517338777;-0.0184501845018442;0.00471403812824955;0.044362292051756;0.00260899247832114
0.0210325047801148;-0.0019245937845086;-0.0549617583902334;-0.0123956210490291;0.00835056926913191;0.0370710784313732;0.00460500319158644;0.00370336503291881;0.00210629084893466;0.00841026483605634;-0.00269488631950981;0.00285353517338773;-0.00738007380073835;0.00607741190063776;0.0129390018484287;-0.00443731135917091
0.0407903123008286;-0.000673081979281703;-0.010599882580966;-0.0420143418893777;0.00659153731660544;0.0392156862745092;0.00142861485151516;0.00444403803950257;0.00222380922248038;-0.000349144083548109;0.00483870442700718;0.00321022707006142;-0.0811808118081174;0.00605430387059269;-0.147874306839187;-0.000706055670004146
0.168260038240918;0.000757217226691864;-0.0645804682285016;-0.00149407411707558;0.00128544642684739;0.0226715686274513;0.00273564546034843;0.00293525969275785;0.00214245034848717;0.00733202575451061;0.00641610811911825;0.00392361086340876;-0.0848708487084872;0.00977469670710568;0.0924214417744917;0.00321276289943828
0.0184831102613117;0.00358626492086028;0.0149427783273434;-0.000146657582044185;0.00233893259621332;0.00735294117647062;0.00572965743639617;0.00199341623994147;0.0021514902233753;-0.000811246547067698;-0.00297809352720446;0.00285353517338777;-0.0553505535055348;0.00251877527440553;0.0166358595194084;-0.000367340583527831
0.0701083492670497;-0.00436451595940474;-0.00267007664406829;-0.0225119388437883;-0.00147874664140873;-0.0287990196078429;0.0137086233624123;0.0016276517922458;0.00259444409289378;0.00139657633419253;0.00344824539416305;0.00356691896673508;-0.0442804428044278;0.00737146158290475;-0.0147874306839188;-0.00287608393618788
0.129381771829191;0.0111689540937056;0.0347592507700605;0.0485222720925901;-0.00377901919471038;-0.0634191176470588;0.0117936715401684;0.000182882223847838;0.00254924471845309;0.0111212659553711;0.00556555642310647;0.00214015138004095;-0.0147601476014756;0.0045060658578856;-0.042513863216266;-0.000137617975374926
-0.0344168260038241;0.00233475311563341;0.00416596295670618;-0.0136391551301128;0.00107281619082591;0.0235906862745092;0.00591203380041939;0.00386795903438188;0.00257636434311746;0.000965280701574242;0.00546557358295297;0.00231849732837752;0.0184501845018442;0.00600808781050943;0.0702402957486136;-0.000888588128203804
-0.100063734862971;0.00330230846085081;-0.0108894089640577;0.0125575554625366;0.00410762955946983;0.00765931372549084;-0.00223411045928446;0.00232260424286758;0.00232324784624982;-0.001817603023177;0.0110162488391523;0.00196180543170435;0.011070110701107;0.00455228191796886;0.033271719038817;-0.0253734489531932
0.0356915232632256;0.00119892727559556;0.0101012538100876;0.0187660597690751;0.00937506040631603;-0.0235906862745102;-0.0046809933432627;0.0017465252377469;0.00160005785519928;0.00243373964120305;0.0198854243155481;0.00124842163835708;0.0147601476014766;0.00769497400346614;-0.0499075785582256;-0.085362190389496
0.179094964945826;0.00747752011358258;0.0185940277141072;0.0322891109800701;0.0133570448263208;-0.00612745098039247;0.0069758959238882;0.00435259692757864;0.00200685222516522;0.011706595742496;0.0182182685855316;0.00196180543170436;0.0516605166051652;0.0101675332177956;0.107208872458411;-0.0712045465433813
-0.0427023581899312;0.0101172635010779;0.0170659718033489;0.0134405563210943;0.0109214621228209;0.00398284313725555;0.00451381500957483;0.00143562545720556;0.00157293823053489;0.00319364147010197;0.00561112999675867;0.00178345948336728;0.0332103321033208;0.00660889659156316;0.0536044362292049;-0.0120925358118167
-0.05799872530274;0.00417521165273183;0.0428418622980336;0.0241190615136893;0.00448456497786814;-0.0064338235294118;0.00398188394784037;0.00299012435991219;0.00206109147449401;0.00155061048869906;0.00815673961073565;0.00178345948336728;0.0479704797047976;0.00942807625649911;0.0240295748613683;-0.00837948545968237
-0.107074569789675;0.00724614818320451;0.0153770679019809;0.0490691826589637;0.00993563102855133;-0.00643382352941174;-0.00300921000638318;0.00339246525237749;0.00199781235027704;0.00930366293219415;0.0148062960357037;0.00124842163835756;0.0811808118081174;0.00799537839398956;-0.1090573012939;-9.76141426736188e-05
-0.115997450605481;0.0114213598359362;0.0413459759853935;0.0518251230548774;0.0141882357489407;0.00765931372548984;0.00372351743214076;0.00791880029261155;0.00303739796241222;0.0118914367279038;0.00665048649789879;0.00178345948336728;0.0774907749077487;0.00492201039861351;-0.0129390018484287;-0.0744329995688208
-0.133843212237094;0.00533207130462218;0.0285424759331194;-0.024476539369923;0.0091914252024819;0.00796568627451016;0.00604881607343692;0.0108723482077542;0.00233228772113793;0.0194083034678223;0.00185642557161153;0.00249684327671465;-0.00369003690036862;0.00739456961294283;-0.055452865064695;-0.0556497628515308
-0.252390057361377;-0.00248198979860123;0.02332295863794;-0.017253653454244;0.0100419461465593;0.025735294117647;0.00390589379616399;0.0112106803218727;0.00237748709557861;0.0262268820406445;-0.00142812698657807;0.00249684327671407;0.00738007380073724;0.0045060658578856;-0.0573012939001851;0.000731088008433134
0.0707456978967501;0.00442761739496239;0.0449007165777983;0.0107640554487871;0.00957802563161042;0.00582107843137231;0.00250767500531929;0.0102505486466716;0.00259444409289375;0.0243887411301999;0.010590740472915;0.00410195681174533;-0.0147601476014756;0.00972848064702247;0.0166358595194084;0.0353292531020913
0.0350541746335247;-0.00405952568754275;0.0131493232320796;-0.00327229729936174;0.0156863124118067;0.0226715686274513;0.00781178759232809;0.0122165325530358;0.00169949647896872;0.0350170977911502;-0.00690114115298379;0.00392361086340823;-0.0405904059040592;0.00681686886193422;-0.138632162661738;0.0554227949983255
-0.00892288081580631;0.00134616395856338;-0.0417883079595628;0.00357477856232796;0.00741306322849827;0.0428921568627444;0.0200614000425545;0.00785479151426483;0.00160005785519927;0.0184635606535156;0.0056064796321007;0.00659880008845994;0.00369003690036973;0.00633160023107793;0.146025878003697;-0.0375079049489772
0.0732950924155513;-0.00451175264237264;0.0389091289277076;-0.0333218247869642;0.00613728181238371;0.0572916666666673;0.0326757652208274;0.0077359180687637;0.00276620171576827;0.0312792023084585;-0.00134442042272787;0.00891729741683693;-0.0664206642066418;0.00894280762564992;0.11645101663586;0.062960163848032
0.102613129381772;-0.00180890781931953;-0.140733949381137;-0.0770227288698506;0.000695880772427659;0.00275735294117641;0.0270068999057722;0.0123536942209217;0.00405890382477107;0.0298723570306322;-0.0162032655790699;0.007847221726817;-0.140221402214022;0.0124090121317157;-0.133086876155268;0.00908254683083298
0.282982791586998;-0.00550034179944262;-0.0563370087099188;-0.068305768837097;-0.0113467225948611;-0.0284926470588234;0.0144533268488404;0.00587051938551578;0.00521600781045189;0.0174572041774063;-0.0306677598123866;0.00588541629511262;-0.0996309963099627;0.0127094165222391;0.0110905730129392;-0.0247390169117988
0.165710643722117;0.00332334227270339;-0.0294190974819263;0.0152829421955248;-0.00443623992422626;0.0153186274509797;0.0179184777652815;-9.14411119237735e-06;0.00362498983014074;-0.00187921668497965;0.0125164564779351;0.00445864870841847;0;0.00649335644136573;0.123844731977819;-0.00254144109615284
-0.131931166347992;0.00774044276173955;0.0159641630676936;0.0501905020883431;0.00672684746680063;0.00367647058823539;0.010471442901;0.00760790051207016;0.00370634870413393;-0.00189975457224717;0.026898174220331;0.00374526491507163;0.0332103321033209;0.00344309647602775;0.0646950092421443;0.0205674795189971
0.0898661567877629;0.00609980543724034;-0.0226152274792699;0.0104676849184064;0.00912377012738286;-0.00949754901960753;0.0152284263959391;0.00599853694220925;0.00473689444138095;0.00383031597539557;0.0153713153416924;0.00499368655342924;0.0258302583025826;0.00448295782784047;-0.0646950092421443;0.0195282182724081
0.0764818355640536;0.0106010411736867;0.019591285255869;0.038525113583242;0.0116753329596206;-0.0232843137254899;0.0127359494209549;0.000155449890270637;0.00424874119742182;0.00921124243949023;0.0139292372611409;0.00552872439843896;0.0442804428044279;0.0043443096476049;0.00184842883548963;-0.00455097494370849
-0.0420650095602296;0.0035967818267866;0.022969093058605;0.0148979660426587;0.00959735565306469;-0.00214460784313791;0.011079364114411;-3.65764447695371e-05;0.00357075058081195;0.00702395744549766;0.00736617761881786;0.00410195681174527;0.0221402214022139;-0.000415944540727908;0.0129390018484291;-0.0113180903559622
-0.0070108349267054;0.00232423620970709;0.0446192325942361;0.00478775898048595;0.00432992480621563;-0.0064338235294118;0.0117024833581567;0.00477322604242866;0.0047549741911572;0.00384058491902939;0.00666397255540707;0.00499368655342872;0.00369003690036962;0.00120161756210047;-0.0591497227356748;-0.0295742107028218
-0.0121096239643079;0.0034916127675238;-0.00376384298019156;0.0174278093329217;0.00617594185529552;-0.025735294117647;0.0165962491261132;0.00381309436722752;0.00565896167997036;0.011747671517031;0.0161135135411644;0.00428030276008193;0.0258302583025826;0.00473714615829468;-0.0646950092421444;0.0100980932304904
0.0395156150414264;0.00593153494241994;-0.000772070354911114;0.0504013223625317;0.00963601569597933;-0.0137867647058824;0.00922520441350799;0.00666605705925383;0.00680702579076309;0.00753740462718594;0.00867153497841572;0.00517203250176579;0.0516605166051662;-0.000323512420568495;0.0536044362292054;-0.0296719446174484
-0.0369662205226252;0.00975968869958455;0.0380485921779622;0.0108526610712725;0.0126225040109784;-0.00183823529411764;0.00553208304203784;0.0103419897585955;0.00618327442348196;0.0100122200429242;0.00242749035165601;0.00517203250176523;0.0553505535055349;0.00582322357019066;-0.00554528650646957;-0.0369117999329276
-0.12810707456979;0.00907608981437663;0.0110261297560741;0.0111551423342388;0.0147584713819033;-0.00612745098039152;0.0107146113863643;0.00479151426481347;0.00574936042885163;-0.00338875139914352;0.00472430545641178;0.0046369946567556;0.0479704797047965;0.0142345465049081;0.0166358595194086;-0.0325116178795573
-0.0713830465264494;-5.2584529631361e-05;0.0205885427976283;0.0129914174760838;0.0142365608025824;0.014399509803921;0.0141341682117996;0.00419714703730795;0.00545104455754333;0.00322444830100321;0.0162339579858165;0.00445864870841844;0.0774907749077487;0.0112305025996533;0.0240295748613676;-0.0693764672064376
0.0248565965583175;0.00166167113635168;0.0200497020290974;-0.0126919915794109;0.0158022925405447;0.0318627450980394;0.0159579318520319;0.00917154352596927;0.00471881469160465;0.0134523161602366;0.00727828572677519;0.00588541629511263;0.0479704797047965;0.0114846909301006;-0.00369685767097927;-0.0325510228524901
0.0433397068196291;0.0203922805910501;0.0479327012007311;0.0564631690870233;0.0200259022287525;0.0202205882352942;0.0165506550351077;0.0156272860277981;0.00483633306515041;0.0173545147410685;0.0161897795215602;0.00695549198513309;0.0811808118081185;0.0108607741190087;0.121996303142329;-0.0614365448186652
-0.127469725940088;0.00530052058684333;0.0339389260179676;-0.0135413834087469;0.0170394139137475;0.00765931372548995;0.0177664974619289;0.00975676664228239;0.00522504768534007;0.0116860578552285;-0.00301576148093557;0.00749052983014328;0.011070110701107;0.00295782784517151;-0.127541589648799;-0.100279188425239
-0.177182919056725;0.00715149602986803;0.0303359310283809;0.0172505980879518;0.0188950959735574;0.0251225490196085;0.0192407064044499;0.00749817117776153;0.00667142766744108;0.0238034113430751;0.00404488717982771;0.00784722172681696;0.0553505535055381;0.00120161756210746;0.10720887245841;-0.00792950222775707
-0.100701083492671;0.00107272440448014;0.0741670084686467;-0.00365727345222777;0.0164015232056918;0.0245098039215679;0.0186023891303688;0.0148683247988295;0.00533352618399757;0.022037153038067;-0.00549115058857336;0.00838225957182726;-0.0221402214022139;0.00409012131715769;-0.229205175600739;0.0395106117951432
0.00254939451880193;0.000525845296313887;-0.0669851456880667;-0.0113476304106718;0.0122262385711228;0.00888480392156904;0.0202893704975836;0.0105797366495977;0.00607479592482443;0.0314537743502326;-0.0039755967464194;0.00873895146850034;0.0221402214022139;0.00397458116695315;-0.044362292051756;0.0582621089445682
-0.0586360739324411;0.00397539044013251;-0.0016969463009;-0.0330223988902913;0.00894979993427902;-0.00919117647058837;0.0129943159366545;0.00629114850036572;0.00837996402129795;0.0189051252297676;-0.00814743888141989;0.00980902715852083;0;0.0114384748700174;-0.00924214417744923;0.00434400900685228
-0.158062460165711;0.00163012041857286;0.00486565171584674;-0.0253900938914061;0.00706512284228711;0.115196078431369;0.0202437764065779;0.00917154352596922;0.0100885003751548;0.0152801881270473;0.00550975204720788;0.0117708325902252;-0.011070110701107;-0.000415944540727908;-0.022181146025878;0.0703928520097733
0.00573613766730402;0.0017773571015407;0.00239663506003562;-0.00718927688645932;0.00898845997719055;0.147058823529412;0.0338460135566429;0.00893379663496713;0.00618327442348196;0.0245735821156078;0.00846505878758369;0.01480271371195;-0.077490774907752;0.0054072790294627;-0.022181146025878;0.0180189718775451
0.425748884639899;-0.0112846400588947;-0.0957849784061573;-0.10009074437889;-0.00476485028898566;-0.0863970588235294;0.0274476427854952;0.0104059985369422;0.0073132587844984;0.0118914367279038;-0.00930165938962052;0.0139109839702662;-0.180811808118081;0.0174465626805338;0.0573012939001848;-0.0408738561778385
0.179732313575526;-0.000914970815586003;0.0156183398878906;0.0364199662076494;0.000347940386213774;0.0343137254902023;0.0224778868658622;0.0158193123628383;0.00920259263611792;0.0246043889465091;1.76713857023003e-05;0.00642045414012288;0.00369003690036973;-0.00739456961294283;0.11090573012939;-0.0444995927753545
-0.5717017208413;0.0101488142188568;-0.000522755969471767;0.0622469774788951;0.00947171051359985;0.115196078431369;0.0222195203501625;0.0151609363569861;0.0109744081141917;0.0300469290724064;0.00177457915362433;0.0135542920735924;0.0369003690036894;-0.000184864240325822;-0.304990757855823;-0.0329630383749365
-0.0458891013384321;0.0112951569648209;0.0104229497912998;-0.0252862114374586;0.00822492412966658;0.0306372549019577;0.0169002097328188;0.00928127286027802;0.00903083501324345;0.0234748051467946;0.000618963536024641;0.0105224109518682;-0.0147601476014756;-0.00351242056614209;-0.21441774491682;-0.0179114166626718
0.0522625876354359;-0.00443813430088863;-0.0132458320264434;0.0229366347584578;0.00832157423694735;0.0753676470588236;0.0254415027812394;0.00420629114850041;0.00927491163522301;0.00403569484807098;-0.00149834749291866;0.0101657190551944;-0.00369003690036962;-0.00880415944540724;0.0628465804066541;0.0513941455468774
0.181644359464628;0.00682547194615346;-0.0268857416298721;-0.0311066842248377;0.00352772891577735;0.0860906862745128;0.0200158059515488;0.00780907095830286;0.0106399327433308;0.00151980365779769;0.00645145089052263;0.0158727894019705;-0.0258302583025826;-0.00695551704217678;0.353049907578558;0.0423393858094177
0.486297004461441;-0.0071199453120892;-0.0638566522707723;-0.0560415285386489;-0.000734540815339413;-0.0278799019607812;0.0175385270068998;0.00299926847110465;0.0105314542446733;0.00326552407553826;0.012115595044385;0.00945233526184724;-0.0959409594095941;-0.00221837088388221;0.253234750462107;-0.0257988789345087
-0.163798597833015;-0.00924436030919706;0.0212238923605255;-0.00342201024769906;-0.00641756712349872;0.0361519607843106;0.011824067600839;0.00580651060716886;0.00792797027689129;0.00548361590043245;0.00316829344173009;0.00606376224344968;-0.0553505535055349;-0.00332755632582316;-0.114602587800369;0.0332247400948606
0.00573613766730396;0.00297628437713626;-0.0716577798151857;0.00718622152016685;-0.00768368352888871;-0.0459558823529412;0.0113073345694398;0.00551389904901256;0.00630079279702772;-0.000564791899857364;-0.0029320549170867;0.00927398931351059;-0.0664206642066418;-0.00108607741189592;-0.0683918669131243;0.0370454654338139
0.437858508604206;-0.00210338118525527;-0.028043847162241;-0.00600073939864221;-0.0106991668760751;-0.069546568627454;0.00417945834219879;0.00427029992684708;0.00886811726525705;-0.00694180589642746;0.00645563621871492;0.00856060552016374;-0.0774907749077487;-0.00660889659157027;0.513863216266174;0.0540051741484213
-0.198852772466539;0.000494294578534948;0.00654651321768518;-0.0330498971869245;-0.0117333230239894;-0.172487745098033;0.00384510167482288;0.000338332114118434;0.00819012664864721;-0.00563765005493877;0.00203592964742283;0.00178345948336739;-0.0147601476014756;0.00395147313691502;-0.390018484288355;0.000335361471756612
-0.0579987253027399;0.00685702266393229;-0.0253496433195816;0.0467501596428884;-0.0052867608683036;-0.00306372549020228;0.0100914921426184;0.00189283101682525;0.00610191554948875;0.00405623273533851;-0.00958021623265592;0.00321022707006136;0.0295202952029523;0.00272674754477653;-0.158964879852126;-0.0844871364921179
-0.0592734225621415;0.0126939054530157;0.0440240950289937;0.0400130769677329;0.00763535847524677;-0.0251225490196048;0.00496975591963278;0.00601682516459401;0.00636407192124461;0.00338875139914352;0.0138013522330359;0.00517203250176579;0.062730627306272;-0.000392836510689776;0.0018484288354898;0.00651559430843573
0.0650095602294455;0.0113582584003786;0.0143556831616281;0.0418921272376737;0.0130574294937458;0.0710784313725459;0.00746223289461689;0.0020391367959034;0.00517080843601131;0.00533985068955956;0.0173342342639797;0.00659880008845787;0.0774907749077487;0.00124783362218372;0.0517560073937156;0.0177142720260622
0.0764818355640535;0.0120103065678078;0.0332311948592974;0.0445075207841321;0.0183925154156942;0.00612745098039535;0.00945317486853703;0.00375822970007317;0.00532448630910948;0.00946796603033451;-0.00571715831096897;0.00695549198513301;0.0922509225092255;-0.00180242634315431;0.00554528650646946;-0.0298831025726991
-0.0216698534098165;0.011715833201872;0.0561118215230705;0.0129272547839367;0.0218815842885566;-0.0116421568627483;-0.000562327122404893;0.0100036576444769;0.00604767630016001;0.001242542179686;0.0134325783156283;0.00749052983014331;0.0701107011070105;0.00170999422299489;-0.0351201478743072;-0.0116298567527441
0.120458891013385;0.0105063890203502;0.00917637786409869;-0.0135077743795345;0.0153770320685076;0.0854779411764706;0.00952916502021339;0.00192026335040241;0.00797316965133199;0.00627432456023247;0.00426112913644072;0.00677714603679808;0.0664206642066417;0.00554592720970537;0.171903881700555;-0.00409620083361273
-0.163798597833014;0.00603670400168266;-0.0145728279489469;0.000403308350621634;0.0157829625190873;-0.0205269607843107;0.00290282379403628;0.00437088514996337;0.00726805941005781;-0.0099916821556566;-0.0137297366172965;0.00695549198513318;0.0184501845018453;0.00799537839398945;-0.11645101663586;0.0497532697743509
0.0752071383046521;0.00515328390387554;-0.0113799953354091;-0.00615350771326917;0.0118106431098128;-0.0588235294117647;0.00284203167269514;0.00195683979517192;0.00607479592482435;-0.0104743225064439;0.0124085680178607;0.00570707034677764;0.0184501845018442;0.0049913344887349;-0.0166358595194084;0.0090427825420375
0.0879541108986616;0.00584739969500969;0.0362792642812919;0.00515134756930336;0.00851487445151156;-0.00857843137254577;0.00759901516763428;0.00448975859546452;0.00723189991050521;-0.0104537846191762;0.00435088117434779;0.00624210819178256;0.011070110701107;0.00492201039861351;0.0351201478743072;0.04100991711781
-0.00892288081580694;0.00544775726981123;-0.0373489034188241;0.00278038332625197;0.0058183364583545;-0.0575980392156894;0.00389069576582879;0.00179224579370885;0.00870539951727073;-0.00370708865179026;0.00109655598643776;0.00606376224345295;0.0147601476014767;0.00744078567301898;-0.0277264325323475;-0.0241580031619819
-0.0235818992989159;0.0100646789714466;0.0287757055194997;0.00830143021696461;0.00412695958092413;-0.0551470588235295;-0.00234049667163128;0.00180138990490125;0.00867827989260628;-0.00989926166295285;0.00326548606308996;0.00517203250176196;0.00369003690036862;0.0109763142692132;-0.022181146025878;-0.0446509845254611
-0.121733588272786;0.00501656412683388;0.00598354525056088;0.00447611161863837;0.00479384532116733;-0.0416666666666635;0.00378430955348175;0.00543160204828097;0.00794605002666759;-0.00138630739055867;0.0107586186370795;0.00677714603679813;-0.00369003690036862;0.00335066435586129;-0.0369685767097969;-0.112094571935037
-0.178457616316124;0.00629962664983963;-0.0159802478667551;0.0083472607113535;-0.00248390775713569;-0.0922181372549052;4.55940910057961e-05;0.00442574981711774;0.00772909302935254;-0.00470317618426597;0.00674581897339577;0.00642045414012293;-0.00738007380073835;0.00478336221837095;-0.022181146025878;-0.0695994825851578
-0.0376035691523269;0.0026397433874954;-0.0370995890333825;0.00151546168112049;-0.000889180986991756;-0.052389705882353;0.00731025259126439;0.00358449158741764;0.00857884126883679;-0.00335794456824223;0.00636262892554629;0.00499368655342702;0;0.00242634315424606;-0.00554528650646952;-0.0644013797729112
0.0611854684512428;0.00639427880317617;-0.00299177262528044;0.0070517854032992;0.00414628960238128;-0.0159313725490193;0.0120064439648619;0.00811082662765183;0.00567704142974662;-0.00344009611731244;0.00285067353556612;0.0057070703467777;0.011070110701107;0.00358174465627037;0.0129390018484288;-0.0504719014995459
0.0242192479286175;0.00339696061418721;0.0329497108757353;0.0104218544240177;-0.000405930450582681;-0.0140931372549017;0.0080245600170219;0.00462692026335038;0.00688838466475628;0.00820488596338098;0.00961323382172929;0.00588541629511258;0.0221402214022139;0.0116926632004575;-0.00554528650646946;0.016588415656591
-0.0484384958572333;0.00445916811274133;-0.0205885427976283;0.02467819354523;0.00666885740243173;-0.0284926470588234;0.0126599592692787;0.00614484272128746;0.00602959655038371;0.00421026688984505;0.00352172115576532;0.00499368655342708;0.011070110701107;0.00346620450606583;-0.0258780036968577;-0.0259905140612298
0.196940726577438;0.00749855392543503;0.0518895617696504;0.00901944129571997;0.00652388224150924;0.0735294117647058;0.0115657010851393;0.00493782004389182;0.00726805941005781;0.0125383801768312;0.0177755538700561;0.00749052983014331;0.0405904059040593;0.00462160600809014;0.175600739371534;-0.0378958463086259
0.0280433397068184;0.00625755902613451;0.00402119976516035;0.00833809461247559;0.00757736841087786;0.0542279411764706;0.0113833247211161;0.00374908558888071;0.00502617043780113;0.00341955823004492;0.0177095186919083;0.00588541629511258;0.0405904059040548;0.00281917966493594;-0.101663585951941;0.0154266277008564
0.0815806246016577;0.0121470263448494;0.0322258949180086;0.00876584589343177;0.011163087391027;0.041973039215683;0.00550168698136733;0.00320043891733734;0.0079098905271151;0.0161325104486501;0.0109953221981899;0.00731218388180832;0.0147601476014833;0.0103523974581143;0.22735674676525;-0.0406625784506312
-0.108349267049077;0.00346006204974503;0.0552030303761429;-0.00315619338024031;0.0084278893549582;-0.0603553921568593;-0.00396668591750504;0.00479151426481345;0.00800028927599644;0.0114601410952856;0.0176885920509455;0.006242108191788;-0.011070110701107;0.00660889659156316;-0.134935304990758;-0.0275355722703959
0.00127469725940166;0.0090445390965978;-0.0241352409905011;0.0164714796833418;0.0158312875727293;0.0232843137254899;0.00778139153165747;0.00630029261155807;0.00534256605888572;0.020486542549368;-0.00491450537093785;0.00784722172681318;0.00369003690036529;0.00570768341999317;-0.0129390018484292;-0.00815647008096582
-0.116634799235182;0.00383867066309085;0.0765234315310301;-0.000186377343854072;0.0129124543328233;0.0140931372549015;0.0101522842639593;0.0111192392099489;0.00615615479881754;0.0124151528532258;0.00532699271613346;0.00731218388180832;-0.00369003690036529;0.00517619872905362;-0.0129390018484286;0.0286853830307083
-0.164435946462715;0.0095598674869854;-0.020081871627218;0.0227899771764201;0.0113563876055911;-0.0416666666666663;0.00992431380893044;0.0057882223847841;0.00616519467370574;-0.00219755393762633;-0.00253305362940071;0.0080255676751535;0.00738007380073069;0.0110918544194107;-0.070240295748614;-0.0306855746658362
-0.107711918419375;0.00744596939580372;0.0159480782686322;-0.000241373937120648;0.0175613244930712;0.0162377450980394;0.00841970880573883;0.00901609363569866;0.00608383579971256;0.010063564761093;-0.00274325011195709;0.00713383793346811;-0.0147601476014724;0.00591565569035712;-0.0480591497227354;0.0121688305466404
-0.0579987253027407;0.0048588105379398;-0.00711752358433659;-0.0140944047077022;0.00328610364757387;-0.0183823529411763;0.00142861485151513;0.0106803218727139;0.00661718841811226;0.00110904591244698;0.000532931789846147;0.00731218388180843;-0.0332103321033208;0.0050837666088942;-0.0702402957486137;0.0338116226704354
-0.0191204588910134;0.00532155439869575;-0.0375419210075518;-0.018399415813971;-0.00111147623373742;-0.0477941176470588;0.0042706465242105;0.00701353328456467;0.00735845815893904;-0.00630513139113376;-0.01346373575884;0.0065988000884577;-0.0405904059040593;0.00677065280185096;-0.0369685767097969;0.0156901260000969
-0.00191204588910132;0.00190355997265618;0.027513048793237;0.00395669934890441;-0.00216496240310926;-0.00704656862745123;0.00481777561628005;0.00628200438917348;0.00817204689887102;-0.00306014520286302;0.0218688048423327;0.00838225957182881;0.00369003690036973;0.00563835932986478;0.00184842883549019;0.00293441287787816
0.0783938814531548;0.00869748120103059;-0.00345018939850894;0.00364810735334997;0.000454255504224399;0.02791875;0.00688470774187677;0.0133138258961228;0.00634599217146831;0.00100635647610925;0.000967740885400747;0.008917297416839;-0.0295202952029523;0.0105603697284783;0.0462107208872456;0.0174268193359843
0.0509878903760357;0.00194562759636119;-0.0509807706227228;0.0165509192069523;-0.00240658767131208;0.0185018075980394;-0.00177816954922649;0.00493782004389176;0.0082534057728641;0.00350170977911513;0.00417463235379678;0.00927398931350909;-0.0627306273062732;0.0210283073368042;0.0314232902033272;0.0266133282230644
0.0567240280433404;5.25845296314165e-05;0.0348557595644245;-0.00506274194682432;3.86600429115314e-05;0.000893351715685664;0.000136782273017388;0.00938185808339431;0.0103687364966869;0.00934473870672914;0.0119086538170891;0.0107007569002048;-0.0516605166051651;-0.00180242634315431;-0.0369685767097967;-0.0374407128826714
0.0344168260038241;-0.00577378135352591;0.023314916238408;-0.0429156749456909;-0.00648522219859771;-0.0100974571078428;0.00439223076689266;0.00514813460131669;0.00403178420010664;0.0150850781980058;0.000113468897663282;0.00838225957182881;-0.114391143911439;-0.00214904679376082;0.0240295748613678;-0.050591673453744
0.112173358827277;-0.00385970447494338;-0.0643794082402417;-0.0329612915644393;-0.0109601221657354;-0.0332413602941176;0.0142861485151523;0.0098390636430139;0.00528832680955693;0.00403569484807098;0.00107609438194034;0.0107007569002048;-0.084870848708486;0.00191796649335174;0.0258780036968577;0.0106956355099902
0.110261312938178;0.00489036125571857;-0.106143589001214;0.038265407448375;-0.0070941178744689;-0.00240980392156898;0.00282683364236014;0.00715983906364304;0.00423066144764561;-0.00587383575851552;0.00714156500582008;0.00677714603679269;-0.0221402214022139;0.00231080300404862;0.0609981515711645;0.0161093278397919
-0.00127469725940166;0.00367040016827047;0.0954069856282314;0.0362671978930226;-0.00259022287514943;-0.0111241115196075;0.00600322198243097;3.65764447696204e-05;0.00323627520995107;-0.00679804068555456;0.00700484428486459;0.00820391362349382;-0.0184501845018453;0.00378971692662733;-0.033271719038817;-0.00734202079241009
0.0465264499681339;0.00357574801493399;-0.0437667382440225;-0.0104187990577282;-0.00343107880849636;-0.0313257352941176;0.00308520015805958;0.000704096561814138;0.0060928756746006;0.0022899744303303;-0.00158251909323426;0.007133837933468;-0.0147601476014755;0.00353552859618711;-0.0147874306839187;-0.0245652278062581
0.11536010197578;0.00794026397433867;0.0299498958509252;0.0102049234172408;-0.00486150039626643;-0.0153062193627453;0.000303960606705345;0.00299012435991219;0.00536064580866213;-0.00139657633419243;-0.00760753154458604;0.00677714603679824;0.0184501845018442;0.00533795493934142;0.0314232902033272;-0.00289848129162187
0.0548119821542389;0.00746700320765648;0.0490505947354453;0.0554060123497937;-0.00699746776718835;-0.000213664215685749;0.00381470561415242;0.00200256035113389;0.00453801719384195;0.000708557110729924;0.0084804049909577;0.0067771460367928;0.0110701107011069;0.00374350086655117;0.0092421441774494;0.0061443012504192
-0.031230082855323;0.00766682442025557;-0.0347753355691195;-0.00317452557799591;-0.0102352463611235;-0.0273181678921572;0.000759901516763417;0.00398683247988296;0.00381482720279158;0.000451833519885869;0.00792608152368235;0.00606376224345284;-0.00369003690036862;0.00635470826112305;-0.0277264325323477;-0.0196905092703493
0.0267686424474187;0.00869748120103053;0.0117338609147417;0.00605268062561382;-0.00442657491349918;0.00385965073529421;0.00276604152101889;0.00167337234820775;0.00474593431626902;-0.0021256713321901;0.0102094105709298;0.007133837933468;0.0258302583025826;0.000415944540727908;0.0609981515711647;-0.00673118382599408
-0.0675589547482467;0.00096755534521753;-0.0113397833377566;0.0142716159526786;-0.0020586472850983;-0.0265090686274513;-0.000273564546034888;0.00253291880029272;0.00537872555843821;0.000400488801716947;0.00039853625122066;0.00695549198513312;0.0221402214022139;0.0037666088965892;-0.0277264325323474;-0.00756958750539091
-0.0567240280433404;0.0040490087816164;0.0321293861236446;0.00431723257142658;0.00320878356175081;-0.0300758884803916;0.00945317486853703;0.00455376737381108;0.00624655354769899;0.00258777379570962;-0.00631147491430539;0.00677714603679813;0.00738007380073835;0.00341998844598967;-0.00739371534195976;-0.0390576342643606
-0.0783938814531547;0.00412262712310041;0.00749551636226264;-0.0091508220462978;0.00624359693039134;-0.0471222732843143;0.00803975804735702;0.00204828090709597;0.00357075058081191;-0.00154034154506522;0.0170505620198198;0.00481534060509214;0.0332103321033209;0.00626227614095665;0.00184842883549025;-0.0157260575863532
-0.0127469725940077;0.0108639638218436;0.0103827377936473;0.0361633154390683;0.00789631376491051;-0.00454522058823531;0.0089668378978085;0.0046909290416971;0.00471881469160473;-0.00126308006695353;-0.00545394767130603;0.00642045414012271;0.0479704797047965;0.00207972270363954;0.0147874306839182;0.00931825803669689
0.0528999362651358;0.0083188725876846;0.00380405497784397;0.0315038818428749;0.0113950476485026;0.0292420343137261;0.0053497066780146;0.00151792245793714;0.00584879905262115;0.00492909294420885;0.0121211754819749;0.00535037845010244;0.0811808118081184;0.00619295205083525;0.0369685767097969;-0.0023595074977255
0.0522625876354379;0.0107798285744335;0.0367537658535793;0.0221880700167768;0.0143912009742322;0.0721389705882353;0.00975713547524237;0.00293525969275776;0.0060928756746006;0.00385085386266315;0.0135985963339323;0.00570707034677231;-0.00369003690036973;0.00633160023108503;0.120147874306839;-0.015666171609256
-0.0458891013384322;0.00469054004311931;0.0161813078550124;0.0115920597140726;0.0163048730984082;0.0210496323529411;0.0118240676008388;0.00614484272128746;0.00412218294898803;0.0064899723765417;0.00399466324151765;0.00624210819178783;0.0221402214022139;0.00422876949740025;-0.00739371534195976;-0.0150912662290987
-0.0573613766730402;0.00987537466477351;0.0269500808261155;0.0198476594366579;0.0168654437206434;0.0363167892156857;0.00316119030973605;0.00243233357717643;0.00516176856112305;0.00666454441831565;0.0119811995057593;0.00535037845010244;0.0553505535055349;0.00358174465626337;0.044362292051756;-0.000706654529775072
-0.154875717017208;0.0023663038334123;0.0136399096034284;-0.00103882453948601;0.0182282102333144;-0.0266848651960782;0.0056384692543846;0.00446232626188736;0.00583071930284484;0.0112958379971452;0.00637518491012523;0.007133837933468;-0.0184501845018442;0.00305025996533792;-0.10351201478743;-0.00962966511761602
-0.138304652644998;0.00152495135931008;0.0118142849100465;-0.0211492454772911;0.00948137552432671;-0.0570557904411764;-0.00249247697498411;0.00610826627651784;0.00725901953516972;0.00816381018884593;0.00427275504808611;0.00695549198513312;-0.0442804428044279;0.00152512998266896;-0.157116451016636;-0.042027978728501
-0.0127469725940083;0.00697270862912125;0.0248429721491689;0.00817004946637734;0.00650455222005197;-0.0209746323529412;-0.00607921213410745;0.00321872713972204;0.0061290351741532;-0.00260831168297726;0.0142505774590319;0.00570707034677775;0.0147601476014756;-2.31080300380215e-05;-0.0166358595194085;0.0350332966032673
-0.0618228170809433;0.00631014355576609;0.0571090790648298;0.00845725389788665;0.00384667426980934;-0.0408831801470588;-0.00360193318945856;0.00413313825896122;0.0066533479176647;-0.00507285815508152;-0.00311806950342008;0.0060637622434474;0.011070110701107;0.00224147891392024;-0.00739371534195932;0.0262779667513043
0.0662842574888465;0.00613135615501914;-0.0180551869455763;-0.0248187403946956;0.00355672394796169;0.00555520833333367;0.00214292227727297;0.00551389904901245;0.00556856293108909;-0.00207432661402129;0.00690253626238146;0.00588541629511263;-0.0147601476014756;0.00170999422299478;-0.0147874306839187;0.0153906961146002
0.137667304015296;0.014345059683441;-0.0123531256785775;0.0581588973794126;0.0078769837434528;0.051929901960784;-0.0122648104805618;0.00733357717629846;0.00593015792661433;-0.00370708865179037;0.00370308537743935;0.00517203250176745;-0.0184501845018453;0.00242634315424617;0.0942698706099814;0.00601255210079889
-0.00318674314850287;0.00745648630173001;0.0138650967902793;0.018924938816293;0.00988730597490972;-0.00216829044117645;-0.00545609289036153;0.00765362106803213;0.00592111805172613;-0.00756821145808728;-0.00687416903796456;0.00570707034677764;0.00369003690036862;0.00106296938185779;0.00184842883549025;0.00537776074354547
-0.0605481198215411;0.0104853552084977;0.00443940454073866;-0.00835031607764292;0.0120812634102033;-0.0326107536764706;-0.0062463904677954;0.00773591806876384;0.00500809068802488;-0.0101867920846983;0.0191120686728644;0.00570707034677231;0.0258302583025837;0.00166377816291163;-0.0166358595194087;0.014013318641307
0.0261312938177171;0.00701477625282643;0.0404130576398776;0.0346478537579478;0.0077513386039848;0.0178530637254899;-0.00680871759020019;0.00288039502560344;0.00533352618399774;-0.00257750485207575;0.00350032947833612;0.00517203250176734;0.0258302583025826;0.00251877527441258;-0.00924214417744923;0.0298831025726991
0.0280433397068203;0.0139033496345375;0.0278106175758583;0.00908971472045217;0.0112500724875806;0.013454473039216;-0.0163986747317546;0.00246891002194582;0.00652678966923093;-0.000842053377969054;0.000982157015842255;0.00570707034677764;-0.0184501845018453;0.00150202195262383;0.0776340110905731;-0.00541369232980163
-0.0866794136392601;0.0115580796129779;0.0762499899470024;0.0262639286510834;0.0120039433243772;-0.0371360294117647;-0.0107754035077054;0.00428858814923194;0.00607479592482429;-0.00276234583748358;0.0170287053059266;0.00392361086340665;0.0184501845018453;0.00272674754477642;-0.0739371534195933;-0.00589278014660087
-0.0726577437858514;0.00693064100541607;0.0527259713208024;0.0145649311167669;0.0107764869619015;-0.0268177696078428;-0.0083589166843977;0.00373079736649606;0.00644543079523785;-0.00434376315708407;0.0233741278822375;0.00517203250176734;0.0258302583025826;0.00653957250144188;-0.00554528650646952;0.026313898337564
-0.0541746335245381;0.0104748383025716;-0.0647011042214564;0.0050321882838924;0.0122745636247646;-0.0192757659313732;-0.0119456518435211;0.00414228237015346;0.00625559342258697;-0.0101867920846983;-0.00350311969713091;0.00552872439843743;0.0221402214022139;0.00191796649335885;-0.0462107208872459;0.00995304939395389
0.0165710643722117;0.00633117736761823;0.0283172887462712;-0.0138713629683465;0.00769334853961567;-0.00252196691176473;-0.0109577798717286;0.00291697147037318;0.00730421890961042;-0.00557603639313631;0.0140920000241818;0.00517203250176734;-0.011070110701107;0.00512998266897746;0.0757855822550832;0.026948689694821
-0.0458891013384321;0.0110953357522218;-0.00073185835725853;-0.0112681908870707;0.00420427966675041;-0.013652420343137;-0.0114137207817868;0.00415142648134603;0.00690646441453246;-0.00784547293619908;0.00107190905374932;0.00552872439843743;-0.0147601476014756;0.00702484113229107;-0.0462107208872458;0.0155344224596357
0.00701083492670496;0.0148078035441974;-0.0442412398163126;0.0408044168375156;0.00457155007442156;-0.0145856311274512;-0.0107298094166995;0.00526700804681779;0.00761157465580675;-0.00303960731559527;-0.0212140334984368;0.00517203250176723;-0.0221402214022139;0.00577700751010746;-0.00554528650646952;-0.0737076606141893
0.0305927342256214;0.00840300783509473;0.0349683531578474;0.0248187403946954;0.00863085458024959;0.00782009803921602;-0.0117784735098331;0.00430687637161675;0.00422162157275741;-0.00214620921945763;0.01296568170393;0.00410195681174175;0.0479704797047965;0.00628538417100177;-0.0166358595194085;-0.0107555214870874
0.0975143403441689;0.00825577115212717;-0.00203472708117103;-0.00762924963259848;0.00691048267063488;0.0473874999999999;-0.00697589592388825;0.00336503291880019;0.00602055667549561;0.00194083034678216;-0.00509075419148997;0.00445864870842216;-0.0442804428044279;0.00790294627383015;0.0683918669131238;0.0156422172184149
0.0280433397068183;0.0117473839196508;0.0761052267554539;0.00684707586168976;0.00977132584617169;0.0361243566176472;-0.00574485546673154;0.00393196781272864;0.00533352618399763;0.00205378872675366;-0.00831438697265352;0.00499368655342713;-0.0258302583025826;0.00878105141536911;-0.00184842883548958;-0.0276074354429155
-0.026131293817717;0.0180890781931955;-0.00944177704859939;0.0166548016608972;0.00841822434422801;0.0145658394607839;-0.00808535213836281;0.00518471104608631;0.00572224080418726;0.00474425195880102;0.0278370828448506;0.00535037845010233;0.011070110701107;0.00866551126516468;0.0203327171903878;-0.0314281607818725
-0.0261312938177189;0.00262922648156916;-0.00879034268664325;9.77717213658247e-05;0.00674617748825801;0.0208718137254908;-0.00686950971154132;0.00506583760058521;0.0085607615190606;0.00671588913648447;-0.012290913792005;0.00624210819178783;0.0332103321033209;0.00947429231657526;0.00369685767097983;0.00933251089924778
-0.0949649458253665;0.0163117210916549;0.0809145816745869;-0.00662097875603518;-0.00307347341155562;0.00492233455882357;-0.00203653606492604;0.00575164594001465;0.00686126504009177;0.00542200223862976;0.0176095358517535;0.00606376224344751;-0.0479704797047965;0.0215597920277296;0.0425138632162664;-0.00110058448713646
-0.112173358827278;-0.0012094441815218;-0.00317674781447619;-0.0219864158414662;-0.00785765372199543;-0.0148268075980396;-0.00945317486853703;0.00760790051207016;0.00735845815893921;0.00240293281030179;0.00453317546895526;0.00642045414012293;-0.0590405904059045;-0.009173887926052;-0.136783733826248;0.00366071000814448
-0.0624601657106438;0.00547930798759011;-0.0405739056304848;-0.020385403904147;-0.00699746776718835;-0.0184306372549016;-0.0036171312197939;0.00420629114850046;0.00798220952622009;0.00106797013791193;0.0132809764277616;0.00588541629511263;-0.0258302583025826;-0.00305025996533792;-0.0499075785582255;0.00782350404829082
0.130656469088591;-0.0013040963348584;-0.071891009401566;-0.034363704692737;-0.0167011385382636;-0.0301530024509807;-0.00516733031399141;0.00789136795903445;0.00861500076838939;0.00018484098540783;-0.00219776233752922;0.007133837933468;-0.0553505535055349;0.00875794338532399;-0.0443622920517561;0.029642600488672
0.263224984066284;0.00324972393121947;-0.07826058982958;-0.0173514251756072;-0.015222391896855;0.0134058823529411;-0.0116720872974863;0.00679407461594728;0.0102331383733648;-0.00336821351187611;-0.0092928236967702;0.00606376224345295;-0.121771217712177;0.0109069901790919;0.0831792975970426;0.016144780338236
0.0382409177820268;-0.00373350160382813;-0.0801183841210873;-0.0185491287623047;-0.0103705565113187;-0.0104015012254898;-0.010638621234688;0.00833028529626911;0.0098082642536228;-0.00518581653505301;-0.0099861930673294;0.0067771460367928;-0.0738007380073801;0.0112536106296914;-0.0147874306839187;-0.00408829588463563
0.20140216698534;0.0041752116527316;-0.0505223538494947;-0.00968245578120841;-0.0122359035818529;-0.0172049019607849;-0.00592723183075472;0.00544074615947332;0.00952802813209075;-0.00912909089042002;0.00280603003484481;0.00659880008846314;-0.0922509225092243;0.00718659734257898;0.0369685767097967;0.00835624970057008
0.0936902485659655;0.0072040805594995;-0.0291939102950757;0.0206481654053128;-0.0106218467902491;-0.0276070465686269;-0.0119000577525153;0.00470921726408191;0.00977210475407009;-0.00270073217568112;0.0122913788284719;0.00552872439843732;0;0.00559214326978152;0.0609981515711645;0.0310608201983411
0.00573613766730396;0.00581584897723098;0.015369025502449;0.0191602020208163;-0.00579900643689713;0.00848523284313699;-0.00709748016657041;0.00231346013167522;0.00765677403024745;0.00706503322003271;0.00153694551957761;0.00517203250176745;0;0.00711727325245748;0.00739371534195915;-0.0203008671489495
-0.146590184831101;0.00633117736761835;0.0376947265986273;-0.00181488757779735;-0.00187501208126428;-0.0333765318627454;-0.00661114319584177;0.00213972201901969;0.00701494291319005;0.00743471519084826;0.00127792020811313;0.00535037845010233;-0.0369003690036895;0.00399768919699839;-0.0850277264325321;-0.0269097638097039
0.0108349267049065;0.00054687910816642;-0.0360138650967887;-0.012948642347991;-0.00277385807898356;-0.00645575980392091;-0.00984832365725397;0.00363935625457223;0.00679798591587488;0.00142738316509383;-0.00269535135597232;0.00463699465675182;-0.0332103321033209;0.00113229347197907;0.0184842883548983;0.0113049154409992
0.017208413001912;0.00323920702529312;-0.00526777169236381;0.0116256687433034;-0.00251290278932004;-0.0254854166666674;-0.017492932915894;0.00459034381858081;0.00621039404814649;0.0103613641264723;0.0158177503488893;0.00338857301840179;0.00738007380073724;0.00305025996533803;-0.00554528650646952;-0.0126601351027643
-0.0350541746335239;0.00928642793290224;0.0164869190371656;-0.0181183221150498;-0.00415595461311169;-0.0638015012254899;-0.0153500106386214;0.00560534016093628;0.00386906645212026;0.00279315266838498;-0.00931421537419386;0.00178345948336567;-0.0369003690036895;-0.0021259387637228;-0.00369685767097966;-0.0014925980932305
0.138304652644996;0.0199295367302939;0.0100610418124352;0.0264686381926929;-0.00652388224150924;0.0355359068627455;-0.0142405544241465;0.00641916605705928;0.00567704142974668;0.00237212597940051;0.000778936080268022;0.00410195681174685;0.00369003690036868;-0.00173310225303291;0.033271719038817;-0.00411272936329228
0.0127469725940096;0.00730924961876211;0.0213445283534779;0.0212409064660687;0.00107281619082589;-0.00374944852941175;-0.0123256026019027;0.00887893196781275;0.00677086629121049;0.0077838592743964;0.000967740885406299;0.00267518922505117;0;-0.00124783362218372;0.011090573012939;-0.0308380443635306
-0.0509878903760363;0.00821370352842199;-0.0258000176932781;-0.0208467642143249;0.00796396884000661;-0.0184873468137262;-0.00167178333687956;0.00685808339429406;0.00497193118847228;0.014232755876403;0.00849063579320564;0.00499368655342713;0.0184501845018453;0.000854997111500944;-0.011090573012939;-0.00589146265510709
0.0803059273422562;0.00970710416995324;0.0194223948657322;0.00110604259791058;0.00835056926913169;0.043536642156863;0.000896683789780806;0.00978419897585947;0.00837092414640983;0.0125075733459299;0.00694531961723321;0.00659880008845781;-0.00738007380073835;0.00353552859618722;0.105360443622921;0.00933490633833303
-0.135117909496493;0.010117263501078;0.0512863818048762;-0.00964273601940757;0.00565403127597464;-0.0261374693627454;-0.00867807532143827;0.00632772494513545;0.00652678966923104;0.00501124449327894;-0.00258839296882996;0.00445864870842216;-0.0147601476014756;0.000878105141531971;0.00369685767097927;0.000630120251043226
-0.124282982791587;0.00725666508913081;-0.00414987815764722;0.0170703314766951;0.00754837337869352;-0.0146152573529412;0.000592723183075239;0.00557790782735912;0.00572224080418726;0.0111828796171738;0.0199565748948248;0.00642045414012282;0;0.00402079722703641;-0.0203327171903879;-0.0149329277056509
-0.0777565328234552;0.00850817689435768;0.00358691019052282;0.0157809669012109;0.00466820018170233;-0.0151425551470588;0.00141341682118012;0.0027706656912948;0.00762965440558294;0.0122713876423534;0.0200542325526365;0.00659880008845781;0.0405904059040593;0.00494511842865863;0.0166358595194086;-0.00455708331336892
-0.0885914595283613;0.00753010464321391;0.123844910367457;0.0117326065635379;0.00990663599636687;-0.0159089460784311;-0.00310039818839469;0.00849487929773229;0.00602055667549573;0.00957065546667213;0.0120281681888131;0.00517203250176745;-0.0221402214022139;0.00228769497400338;-0.0184842883548988;0.0107756431753928
-0.08476736775016;0.0111268864700006;-0.0451259037646464;0.0181672079757281;0.00864051959097678;-0.00494947916666631;-0.0108513936593817;0.00413313825896122;0.00536064580866191;0.00698288167096239;0.00751219906909473;0.00338857301839635;-0.011070110701107;0.00471403812824955;0;0.0134895558855926
-0.0363288718929255;0.00387022138086968;0.156883087638027;0.0166425801957298;0.00896912995573318;0.0260891850490193;-0.00322198243107708;0.00648317483540595;0.0079098905271151;0.00896478779227994;0.00229728014121289;0.00731218388180843;0;-0.000231080300409081;0.0314232902033273;0.0215432616298592
-0.093052899936265;0.0140505863175053;-0.0691002967645427;0.0054691056637356;0.0137146502232618;0.00116691176470587;-0.00317638834007117;0.00626371616678867;0.0092206723858943;0.00813300335794453;-0.00945977178799551;0.0065988000884577;0.00369003690036862;0.00214904679376082;-0.105360443622921;-0.0014026493556281
0.0363288718929254;0.00797181469211772;0.00866970669369072;-0.0198965452973362;0.0108731370691821;0.0464834865196075;-0.00275084349068355;0.00396854425749815;0.0125383064698384;0.0162660067158892;0.00970298585963614;0.00927398931350898;-0.0553505535055348;0.00365106874639176;0.0240295748613676;-0.00860537536530326
-0.0720203951561504;0.00239785455119101;0.045117861365117;-0.0341284414882046;0.00690081765990769;-0.0196933210784311;-0.00457460713091584;0.00821141185076801;0.0120953526003199;0.0133907024984339;0.00776982927115777;0.00713383793347344;-0.0369003690036895;0.00552281917966724;-0.0369685767097965;0.00655152589469528
-0.0503505417463352;0.00453278645422506;-0.00644196202378944;-0.00282621382064996;0.00892080490209435;-0.0269176164215689;-0.00911881820116101;0.00554133138258961;0.0112727239855001;-0.00228997443033041;0.00925050537838379;0.00570707034677231;0.00738007380073724;0.00406701328711256;-0.0295748613678373;0.00521008000766542
-0.00573613766730402;0.000157753588894138;-0.0497100714969334;-0.0120045341635722;0.00883381980554088;-0.00217735906862682;-0.00621599440712495;0.0124177029992685;0.00967266613030082;0.0104845914500776;0.0102549841445724;0.0062064390021187;-0.00369003690036862;0.00399768919699828;-0.0351201478743069;0.00594068892827934
0.0790312300828553;0.0143029920597361;0.0733145141184333;-0.00090744378889851;0.00931707034194706;0.0197324448529412;-0.0053497066780146;0.0119696415508412;0.00827148552264034;0.0153109949579486;-0.00880825569936128;0.00590325088994992;-0.0295202952029523;0.00545349508954596;0.0628465804066544;0.00501149810760551
0.0605481198215424;0.0143976442130725;-0.012320956080457;0.00202570785198564;0.00523843581466477;0.0159670955882353;-0.00648955895315961;0.0129572055596197;0.00807260827510148;0.0103408262392048;0.00387840412505946;0.00592465240374496;-0.0369003690036895;0.000415944540727908;0.0295748613678376;-0.0110218943132288
0.0847673677501593;-0.000536362202240181;0.0021634054736579;-0.01967350355798;0.00446523495641094;-0.020483302696079;-0.0051673303139913;0.0101773957571324;0.00882291789081635;0.0182376438935726;-0.00733920550380429;0.00761180507501402;-0.0258302583025826;0.00806470248411095;0.0332717190388169;-0.016533081013751
0.1434034416826;0.00270284482305316;-0.0271591832139045;-0.0422526604601933;-0.00633058202694803;-0.00675894607843106;-0.000258366515699548;0.0132955376737381;0.00820820639842346;0.0267300602786992;0.014153384837672;0.00703574766188464;-0.011070110701107;0.00607741190063782;-0.0720887245841036;-0.0284862022708762
0.122370936902486;0.00871851501288312;-0.0318157325419597;-0.0344706425129806;-0.00959735565306485;0.0132221507352941;-0.00522812243533244;0.0177029992684711;0.00568608130463477;0.0324806687136094;-0.00867711541600991;0.0056999365088406;-0.0332103321033209;0.00480647024840886;0.0887245841035122;-0.00197851291141546
0.0210325047801148;-0.00159856970079386;-0.0553236663690979;-0.0436978487165903;-0.00965534571743387;0.00490196078431343;-0.00193014985257911;0.0235552304316021;0.00706918216251884;0.0208664934638173;-0.0248031849417378;0.0079524458363337;-0.0258302583025837;0.00385904101675572;0.066543438077634;0.0105837685047657
0.112173358827279;-0.0203922805910502;-0.183141522104536;-0.0789537203667693;-0.0200355672394794;0.0159313725490202;-0.0114441168424572;0.0159016093635699;0.00564088193019407;-0.0820591285774432;0.0144296164983777;0.00183339634890356;-0.0221402214022139;-0.000323512420568495;0.0591497227356743;-0.0414201360609389
