# max_attributes; 10
# description; Stock and Watson 2012: US indicators;;;;;;;;;;;;;;;;;;;;;;;;;;;;;;;;;;;;;;;;;;;;;;;;;;;;;;;;;;;;;;;;;;;;;;;;;;;;;;;;;;;;;;;;;;;;;;;;;;;;;;;;;;
# number_predictions; 100
# predict; FMFBA
# lag_parameter; 4
# horizon; 1
# name_prefix; us_data_stock_watson_2012;;;;;;;;;;;;;;;;;;;;;;;;;;;;;;;;;;;;;;;;;;;;;;;;;;;;;;;;;;;;;;;;;;;;;;;;;;;;;;;;;;;;;;;;;;;;;;;;;;;;;;;;;;
# method; dm_KernelPCA_fit_inverse_transform_True_kernel_rbf(alpha=1.0, coef0=1, copy_X=True, degree=3, eigen_solver='auto', fit_inverse_transform=True, gamma=None, kernel='rbf', kernel_params=None, max_iter=None, n_components=10, n_jobs=1, random_state=None, remove_zero_eig=False, tol=0)
# prediction_type; rolling
FMFBA;0;1;2;3;4;5;6;7;8;9
0.000129475674818692;-0.020959240666335085;0.029408605099046706;0.020469516152188477;-0.002921159837923537;0.005975200062745771;0.035246915711347776;-0.02689025221782787;-0.01582999643490779;0.009123581437010397;-0.001917797253147699
0.000182487413376498;0.06010853721713623;0.016722932391463784;0.008500518256795018;0.021422194647920802;-0.03353598739622328;-0.022666528242559596;-0.0021180080087350173;-0.00850784111623078;-0.012825154378462303;0.009708055563365162
-7.7441111165152e-05;0.016225303569037498;0.01472872378007645;-0.01576489271619715;-0.00994999991365269;-0.0047562983314747695;-0.022326429093717036;0.005753439251768033;0.0014655343085470437;-0.015169543648006505;0.0008842903610248126
-0.00012923138109256898;-0.013032409375150399;0.00826527346006629;0.006900639446132004;-0.017959297517793408;0.009261923399717467;0.022526420511040715;-0.02336207265442072;0.013568478332061783;0.01764898775504895;-0.00911109968246074
-3.10253032112406e-05;0.05870866686713616;0.0021677059335275;0.009424155735205763;0.018398558969132;-0.0031262286003790034;-0.009784933908665618;-0.006424823259675811;7.938279179963651e-05;-0.010953957361131018;0.0026012469850527162
0.000190549106336906;0.016396851722112207;-0.018314988830159397;-0.0065055762607057095;-0.014272241896407186;0.00825703056449932;-0.00450553271112064;0.003189880771546711;-0.0012256203893126604;-0.008271945334364235;-0.012634358647908007
0.000116039519884629;0.02151323537705732;-0.014049977177289702;-0.0023141394551894727;-0.008251724381930054;0.0026124726746189725;-0.014485673307098025;0.0078053056086617965;-0.008630631714490487;0.0076872794674311025;0.009277769112183356
-0.00010944358928066;-0.007313456511724669;-0.010497884480658571;-0.014316700241371477;-0.008244666412842305;0.005145724718323467;-0.0062619734901402;0.008449471373340215;-0.006813585957227606;0.0003390971247402354;0.0011765809377498665
-5.86304942575095e-05;-0.05949736204424311;-0.027016358317833927;-0.0010141769463156637;-0.03261633501473961;0.012505697675496428;0.001983420850061531;0.007900128347991066;0.015012342056495771;-0.0014622506642068993;-0.0032260441707189047
0.00027067744848881096;-0.027643190731449;-0.004740130224317685;0.004150836308834696;0.009479630454342103;0.0030066212452753583;0.021887216181176904;-5.837515492460527e-05;0.0005519864736115897;0.017169597545885394;0.008927764835535736
0.000406016172733253;-0.022377349408816638;0.01410453546598701;-0.001762112196100486;0.011858784166309781;0.0009968792050855037;0.016434234263851145;-0.005150244012427106;0.004948485710878902;-0.001208792760661975;-0.0032533478185901243
7.59753488087144e-05;-0.0016829264010628222;0.019673460933940987;-0.003918067080595586;0.0024771159135443302;-0.00019306839025392235;0.009082613605873969;-0.011412684985336081;-0.008967134040185759;-0.0009952813467648787;0.004718560041452811
0.000232567627221429;0.030568922194268846;0.012084708741874547;-0.016093530718540198;0.033249714222436694;-0.016142173584238147;-0.00679803437535883;0.0011224220848327783;0.016445411417451702;-0.013409377929209319;0.007446210560139052
0.000214245597765958;0.015470650613622076;0.004553254734047807;0.005061444281463254;0.00245484611090218;-0.013300302589357844;-0.007193999824305399;-0.0011264949636539713;-0.002709762654350648;-0.013295724804185184;-0.007767909101655786
0.00026676874887166804;-0.022213109388708976;-0.01057470862838613;-0.015546376154019497;-0.0020227243723670023;0.0016258745450174843;0.005623632200163464;-0.0011037824926136974;-0.0048313170177882265;0.012174218477666506;-0.00694131738978431
0.000228170340152191;-0.002101576844695682;0.006553233088552557;0.00511279739477124;-0.020506191293340845;0.005681213993524744;-0.0004553747821900857;-0.010206867840770439;-0.01480041650438335;-0.014570829294313293;0.004215077344079769
0.000331750880007025;-0.0376842234874764;-0.011727384775777049;-0.004853381676654805;0.027287404209662074;0.006293025763024766;0.002054023591126931;0.021668831647979815;0.008489695555737886;0.010891308948657882;0.001997384813492217
0.000424093908462677;0.004827012958372819;0.0065435101462382505;-0.002198262930636751;0.003901800370381807;-0.013256299538338562;-0.0044215920959689735;-0.00402318812407721;0.000511216368425735;-0.0008419705465004094;-0.0002842898081381014
0.00040186317938998797;-0.008555943230615504;0.0038300726566075096;0.0028489258491972537;-0.0009075023372833242;-0.0004284327627014716;-0.012979744949425819;0.001572282586462005;-0.001408533905155324;-0.018490884695190814;0.0010017960654402714
0.000325887830581349;-0.006935620771865215;-0.002046988787709156;0.00016205779230098742;-0.002283627950168683;-0.004821710158241328;0.01180907386675448;0.0010461001307004566;-0.003997315945692805;0.01538850151792939;-0.013424075959547687
0.000379876744043422;-0.0056680902479345355;0.014998635980102416;0.01427157381465452;-0.007990541127234733;0.012107734048261484;0.00957964277738024;-0.006069554599775067;0.01522092890742025;-0.0003700457864561653;0.005044291334294499
0.0005342703789215549;-0.024822578369725443;-0.001986483011146518;-0.0046840844776135;-0.0029056913277244697;0.004031049908643359;0.00979314860970308;-0.0003734603265437156;-0.003051548654177;-0.0010855371632407219;-0.004495428307928656
0.000445347462631025;-0.0015480278486584922;0.016491559434157615;0.00501222083125776;0.008177782720553129;0.008891154457228937;0.0053220185814047815;0.001471916789829567;0.008466639805183009;0.008203060461300697;0.014423267565028616
0.000311474500743019;-0.010111057695878082;0.015760806742326244;0.0007144418743579523;-0.009863761204792808;-0.0007552711920537408;0.008615498029931477;-0.011486239228044546;0.003755412457785693;-0.003505804633684295;-0.00889199854410033
0.00029706117090468997;0.0008493467529065732;0.007184347400128616;-0.0021163704652215056;0.020980885609499966;-0.0031590572674755867;-0.0014622674233425626;0.0038806784522997673;0.00917383352919348;-0.0010691188057435769;0.0034147798598965205
0.00045560779912608797;0.0026007656945582778;0.003045223143808941;0.0020483398153025995;0.005966726397403334;-0.010859131541726413;-0.00044632615016411723;-0.003080077343799292;0.002085999375723079;-0.009427678904183967;-0.007185973122670856
0.00059534381043977;-0.015531383503202158;-0.001157034996143627;-0.0007147632516027367;0.006054357881772679;-0.018605648082004704;-0.011889078504689754;0.0008551651372735042;0.016615607541051163;-0.020909234963879093;-0.003964484121578714
0.000535491847551945;-0.033778210198649315;0.021915205861531336;0.0184718943277377;-0.012410896531134401;0.01621434451202267;0.010049298098934383;0.005862318580401036;-0.00477861592829262;-0.016630201940632694;-0.002384384214458601
0.000417497977858707;0.027195423122573645;0.02682096151327269;0.012242513091209165;0.007572417967747351;0.009804304205761895;0.013570621964324542;-0.005788256494039647;-0.006999633300767347;0.0036336836770486758;0.001259152513488608
0.000336636754528509;0.013223749694439645;0.0197293116253526;0.021996833654954785;-0.012288651105815791;-0.0015205684164461201;0.007049171670131165;0.0009291074089071386;0.0005210856446686417;0.009153565899526657;-0.009309907483657124
0.00025040106922480496;0.03263984342988511;0.018318481723977258;-0.006143684874897144;-0.013392490875795176;0.0006014515859413197;0.005429757549665311;-0.009711172088501691;-0.0008306950061632828;0.0034475474509572303;-0.003163872169714412
0.000575556018627861;0.03687125890358742;-0.01957401435798756;-0.028687438815196;0.020620714199575813;-0.01628444451621135;-0.020578061021658847;-0.011427475153259726;0.00658370720517233;-0.004386844950198003;-0.0002995798949624525
0.000372059344809137;0.01560855983230748;-0.03580458324822538;0.013121651584084168;0.019870450484053462;-0.02228590581855577;-0.013008699604965483;-0.0069786044372802366;-0.006627709003057424;-0.006522009056026259;-0.01274691684011407
0.000516925524370351;-0.051358517099760435;-0.019324305926125614;0.00857850758800451;0.006367429293142582;-0.004489379169404794;-0.0037975906430244523;0.017059280236328765;0.0014433441770826212;-0.0022861206349163764;0.006371321876148881
0.000655195773327668;-0.02503472060569404;0.0050235620941279525;0.003650975549858594;0.004215414875675055;0.010633351996514771;0.008971336498199834;0.015614494359686487;-0.009092223716931379;0.007392907965880255;0.005408577825228677
0.0006437139682022151;-0.005202037185685996;0.014612938023473087;-0.022441401817697812;-0.009605684908888095;0.0026531702595026176;0.01456871547729667;-0.006854727739117179;-0.011505429640150864;0.0013442354190974645;-0.0011776388729136027
0.0005833734178622201;-0.005757009809046326;0.009619557793379842;-0.005444315427716391;-0.0006413303060718604;-0.007979438724903948;0.004366230217608393;0.00048238203931071804;0.00962947808913876;0.008242304404239516;-0.005344954789889766
0.0007023444624598;0.007119038234323627;-0.000773709081939297;-0.01012799292938196;0.015785232888729003;0.00023293267256225812;-0.00412409868386851;0.0005344025534963487;0.011717164218421849;-0.009821036898723592;0.009288182415347328
0.0007228651354498519;-0.021250940135310623;-0.002625156336099556;-0.003724933144249314;-0.006821377788973659;-0.014200119168679866;-0.006324275831718195;-0.0007631577046301497;-0.011949895680894626;-0.02256047770458844;-0.012365769463103079
0.0006820680831957191;-0.011496142855996396;0.005751600124981318;-0.0001019555407542615;0.019357563657582767;-0.007741289377038282;-0.0014360565045337145;0.013029420140062723;0.007990662340993713;0.0071696367746391905;0.007660860323580143
0.00046293661090820304;0.0041638302417305395;0.015545563764491364;0.014011120911401586;-0.009534320935517478;0.008787982146877813;0.007534372219033407;-0.007471739193148668;-0.009535184080987583;-0.0025535891626122945;0.013201777352103669
0.000439484413205272;0.00930263013465584;0.021645657785442068;0.022999981953761166;-0.007170258487878997;-0.008768150802233692;-0.0014014156372866356;0.0088042856288832;-0.02826456541688468;0.003290322480867438;-0.00692460647514708
0.0007876029728592361;0.00866514728768229;0.008053711733580975;0.010506568225394376;-0.009412356208895403;0.008511138527542825;0.00043256245544973467;0.001729693567927337;-0.003990074548662017;0.00718528675646899;0.005576951153249212
0.000610001434004147;0.049511226177953595;-0.002108289691001007;-0.011516603037565014;-0.005965021332811746;0.007378668196404448;-0.016745696979960735;0.00793316800288903;0.015166673465058449;0.010889266831099309;0.0016779420782363156
0.000706253162076943;0.011914542036883713;-0.03579786211091356;0.0177686310385544;0.0050446738742938165;-0.007879637191759166;-0.019824756824294406;0.01426881064073464;-0.01624376989219689;-0.010360064101408155;-0.005687535342407174
0.000595343810439769;0.006917435417858363;-0.027453278529871183;-0.020589904777086297;0.0023166336275009685;0.0021150100264697813;-5.6467662826015116e-05;-0.0015420832811644195;0.00011929433352304305;0.014572480121493644;-0.0004000366686242788
0.000643469674476167;0.03137392795098125;-0.03354676197132312;-0.029978218423612042;0.02435380213128305;0.006329308324926202;-0.0062452891517349824;0.006083663850752688;-0.008839711577874063;0.014332291707387914;0.005921657347014088
0.000994275465116958;-0.04371034935060552;-0.043175370296181716;-0.016117088755528832;-0.01397148392079387;0.021452953494086872;0.01294117730013977;-0.012805338295506558;0.00042188967161668224;-0.006253887382975753;-0.012595039000193374
0.000919521584938559;-0.034289038821020745;-0.011137160500499349;0.006982312232627404;0.0179359515215888;-0.005666497945218302;0.009126946145200506;0.014031091017701313;-0.011427569690698022;0.017916947369836397;0.011379843812338968
0.0008782359452323281;-0.0005782845382241557;-0.002410553984494583;-0.01086159578438495;0.001611052405975366;-0.027317147753717207;-0.014509594345505259;0.009123292572515878;0.002912354271763995;-0.0049737484425354545;-0.0027164783185939785
0.000314161731729771;0.000706920135715434;-0.01589945096136081;-0.023670763025584452;0.006019722458054279;0.001032882804573264;0.0006631372040462262;-0.0019046576235088415;0.018305536202226656;-0.018730840680284404;-0.012862333142725207
0.00108368696885966;-0.05490757374018238;-0.025830060767597814;0.020071024728124026;0.01838047344937541;0.010898125767808513;0.012965914571051427;-0.017575963432164717;-0.010299758016280865;-0.0010866059255087884;0.024435338042970798
0.000813986695275114;0.001742395415953616;0.020889489001040117;0.01579288603454527;-0.005553217588001286;-0.001391763033084755;0.006422530572041997;0.005116321919451974;0.0064145689888525335;0.005656230022129965;-0.01624869626754757
0.000832308724730512;-0.025362745533874055;-0.0025797644125129617;-0.012276271630308602;0.006709149671315826;-0.014557614858837716;0.0001698004653794485;-0.0018846728695286483;0.005918850252457677;0.0010077737690947586;0.009438512735236326
0.00131943041452009;-0.04745415068979614;0.01717572245730055;-0.013822457625305665;-0.007243718254441405;0.01362251357732452;0.015964405101794914;0.001888672391217078;-0.006466052352061523;0.0030249544532107734;0.0019017196753144013
0.0013599831730481;-0.01799069122542798;0.037280162357213965;0.011258985953000431;0.016391480084947663;0.003841893143128664;0.0006166329499115047;0.028192570042130806;-0.008001106958670009;-0.008100765842742118;-0.025845738613355214
0.000842569061225651;0.02346609747778363;0.0465180753227178;0.00639182258103547;-0.0018623237462889386;0.004257177101963318;-0.005712000015765555;-0.00021194591536463918;-0.006308865976121373;-0.007047225063475015;0.004110345198896382
0.00108246550022927;0.017232820318767113;0.05210467308574408;-0.0038006802842961754;-0.008464438209779351;-0.012499165813997208;9.277889764017275e-05;0.010565481380555948;-0.011151080797557;0.016046100717182807;-0.0006955559110774591
0.00124516512179386;-0.002065273789850206;0.01186517681702391;0.020921991173732828;-0.04221935646925773;0.04675850107225429;0.008858708102557823;-0.008221594269123701;0.015330681272058704;-0.020031425494786228;-0.00045403446600832104
0.00129500104191274;0.03401137267556914;0.012956440882877103;-0.0011471303253224238;0.011380013899436957;0.005591138344310851;-0.02248796214092689;0.01493851400935305;-0.00343842485304258;-4.677189072551422e-05;-0.004034410144338243
0.00144670744580405;0.018303577764693005;0.002490856579685967;0.03177088427812346;-0.007325615564556971;-0.027094981423154862;-0.006910809129735999;-0.005944130018878851;-0.011899088690970446;0.015419706028129847;0.0024519105718149485
0.00118287022164525;0.044031408881185535;0.012945656986122179;0.03567873096017461;-0.01769379668381165;-0.0005466014586154777;-0.005243627064761016;0.00279723169917415;0.015056575232744531;0.0023194723541178196;-0.0021680690490446498
0.000806413589766804;0.11088411268020885;-0.007917720280605127;-0.017512113356953192;-0.0037464723413744346;0.006279556745045698;-0.020255654639612503;-0.0012191386752430293;0.004338790066353623;0.008677423097987781;-0.001173579641490071
0.00092172022847329;0.07296518388286524;-0.07444027053361424;0.0010895221980818848;-0.0281545585373219;-0.012645033238641086;-0.04297246680099227;-0.002048041722516459;3.66158356321466e-05;0.009650093486655294;-0.005423169697251079
0.00114305034429539;-0.042554161099294455;-0.06781151463612342;0.010792980385346916;-0.03616459573825493;-0.023512717570215565;-0.01622349522955101;-0.0027019936828346107;-0.007466160159480371;-0.002837582930437138;0.012397447035149351
0.00138001525858613;-0.07735735177724405;-0.007093793302211758;-0.0025632000248930957;-0.0015108065232905111;-0.0020330250235842447;-0.00407502865749399;0.028383781842387944;0.007537574871717186;-0.014704965012806515;0.015480580426886707
0.00110323046694544;-0.03179035652356193;-0.007415271019352919;-0.006116482742625201;0.00753482538208366;0.024476510024465572;0.029250869070859827;-0.005431575232148327;-0.0032412164653361987;0.011784935548885898;0.003123933666625099
0.00131869753334179;-0.038648425556094365;-0.007396624582392778;-0.004101023334301749;0.012812508107875079;0.009102480216632843;0.025074255308591593;-0.015503207334224937;0.009889850527973351;0.0026075867626611663;0.004804422243184739
0.00155273092291974;-0.007316831741229701;0.014706717331618194;0.004630674902851657;0.011243314609390976;-0.0013900193651840656;0.01037789044570904;-0.006855124458939294;-0.018670120119332667;0.004434538052155288;0.0003752957053792546
0.00124736376532851;0.013028777851075502;0.0035212429844274393;-0.017880948209689954;0.019011346016277245;-0.01015463672664183;-0.0009727538291401816;-0.008055538712357592;-0.006880913162468458;0.003197930893954489;0.011351558134010432
0.0014425544524605599;0.0009827096001288923;-0.012080093119921214;-0.028520096089828532;0.00881317575697115;-0.0024487056895178497;0.0028622619711662764;-0.00861181885820457;0.0024849560916301687;-0.011380005405259892;0.00027117118171583293
0.00140591039355036;-0.029150256623328093;-6.376464086601193e-05;0.011894203961504486;0.01820536644095677;-0.004358203157639654;0.010717254494009735;-0.004707619123719557;-0.0222995848982859;-0.007091833954620798;0.003581792186210193
0.0013836796644772198;-0.025414090702015887;0.006727856750749442;-0.0033927508407736334;0.016022845478256057;-0.009036736448508994;0.005975053636808424;0.009703405498501341;0.02972156958464076;0.006826339814376193;-0.015582774128329554
0.0018590752554147;0.009472147756910099;0.013009676023645857;-0.011426959401740341;0.008953741592976388;-0.02260741999138704;-0.0025164427180208275;-0.002454160327835213;-0.008116879559185261;-0.010984623785680965;-8.937144771089605e-05
0.0017423028543528199;-0.014757342403986023;0.007830546004100143;-0.001326354008619016;0.006581056216463419;-0.013375055240537278;0.0008548291225615219;0.008809731938402116;-0.0001084911733747098;-0.002515381647069461;-0.01464434959653588
0.0019648544388047896;0.009185755286403618;0.0260840454233297;0.023552522541655928;-0.010923471612632374;0.00968117864465648;0.00219503673156608;-0.0073754092761771336;-0.03350566753539018;-0.011957264357462633;-0.012097255547128222
0.00158644345711728;-0.04940530000765697;-0.009857912558118976;0.010210594568433649;0.03732252727711258;-0.009224221167878716;0.006373091818088303;0.013030121270843478;0.033011833400485587;0.00685900866164294;0.008382574837608084
0.00198317646826026;-0.012458659913180807;0.026627173501152686;-0.005510522923947047;-0.01221859816809695;0.008195919633047373;-0.0034682790137454743;0.0005451328262696687;-0.0002153358434649965;0.0033611681444034465;-0.00022584580310628258
0.0019379821289372602;-0.006040752668360116;0.025651115041949515;0.005668675411509741;0.012349412968594741;-0.018269651471034643;0.002322131740598214;0.016336407123378326;-0.00871724679401114;-0.0020941328873501923;-0.0046061425411860904
0.00137268644680395;0.0243421692925398;0.044194661444777614;0.003664321003238301;-0.039620431351382476;0.018880477380063442;-0.014971990340654323;-0.0036924118394341798;0.011284967117918217;-0.010917796423139564;0.012415999877607104
0.0014901917290447801;0.016558458060519116;0.0035290794325659406;-0.01920054807410173;0.030228213183502363;-0.004241086279913019;0.0008457601388959004;0.010034566405460691;-0.028243172630545474;0.004435571238602599;-0.012776743791354902
0.00250572074833032;0.01591508222658294;0.01861665618773976;0.0019407655128222913;0.006072254639305555;0.0018743923785210215;-0.009467210882165915;-0.0012709726215229453;0.003851951778978194;0.010666805609281713;0.0013561262926639896
0.00238723829118467;0.015742553257235493;0.036107104682527535;0.012305562841945441;-0.03254850746962551;-0.021635645729446224;-0.03125783988166958;0.012388830559556398;0.022629900037669185;0.0006955777317484451;0.013883761004430142
0.0018126594474618398;0.016635632143043394;0.02268935082661721;0.03019453296809449;-0.04324023049274776;-0.0019040069679334994;-0.01651882548284154;0.007033820645807088;-0.0068637157307220595;0.014823615696504496;-0.006430936494901806
0.0017166520131144099;0.12784597336453551;-0.04064064945141495;0.01572725300895888;0.014236635277516162;0.03710893548214866;0.0017144540520663953;-0.01260365698949278;0.00924411227817912;0.009057998062556383;0.014907837968973896
0.00205622029235632;-0.06179069963009701;-0.081217694834516;-0.009336679517869706;-0.011424520835891145;-0.020908729907332644;-0.015558197160259496;-0.001119986120265954;-0.011440662283535486;-0.001309602188461146;-0.01404286126216494
0.0024150877759570003;-0.09700188598267794;0.05683408799508889;-0.048490648782295774;-0.04856726788844126;-0.01979904150148817;-0.004118175413934666;0.039972981899512275;-0.00201572321329467;0.0239734988058706;0.006893739216822998
0.000742897220988109;0.03377417708622274;0.038696501102407924;-0.008158940961266225;0.0016742767079910886;0.00541816999604057;-0.012911886527609683;0.006376882379453251;0.006007300930804854;0.008327060580464927;0.017762911679842435
0.00164751688863601;-0.011376647345965085;0.0023109460844237643;0.02898042107645804;-0.028208782027355047;-0.011842826869647712;0.005497762617977756;-0.013559165598733316;0.0037983774487543;0.0073705895233697975;0.0019257235766368466
0.00140273457511092;0.03581677615010922;0.0014554447504180545;0.07278556556107336;0.007044206647321263;-0.027447607083863304;0.00065554224680976;0.0013812496372863994;0.01294408401525385;0.005501553827121309;0.015184944271451551
0.00112008673404425;0.07879727579931954;-0.05202870218904459;0.042301057039877986;0.02471499736089491;0.02927331056580881;0.012841882500714628;-0.009013536272544313;0.003280868416039873;0.004173180666172365;-0.01296385674345282
0.00177796973835898;0.02702509368387155;-0.00802402739994659;-0.027505732866963613;-0.035113121182724874;-0.022685907232968896;-0.025676490085539405;0.01702826016720676;-0.012038982328855011;-0.00730091132147548;-0.007446978415545465
0.00176502217087687;0.004385118625702971;-0.025610211289944597;-0.020886241714476086;-0.006366626818105897;-0.006721853018615517;-0.00725960305920336;0.012832084787999016;0.007649027047865564;0.0017945165089042528;0.013545196983030652
0.00199074957376902;0.005371855105464086;-0.08599663107643536;0.05491578590969021;0.02307748807436497;0.009145120825873388;0.014547383493565864;-0.005925796103072229;-0.004479364109662738;-0.0017783227891213131;0.010442599801036125
0.00244928889760745;0.003447927333201583;-0.02861440732660291;-0.09861844422741253;-0.01917926149734491;0.04029381472475714;0.0008685979518041496;-0.006870524301110041;-0.014175253198725871;0.0009186352723673964;0.013707964620898015
0.00313868579258485;-0.07788537357442855;-0.028893444966741014;-0.04463073254033294;-0.002352434690647209;0.012565369867192047;0.005934985126320247;0.013600410646890347;0.011012041532371003;0.004940045000308981;0.003201696050450989
0.00352418129232872;-0.05455476763098577;0.0037375812321656684;-0.0030865708411522337;-0.004031384724664842;-0.0031078926109112774;0.012777901772078118;-0.024292700161113262;-0.013361462138922897;-0.0037020825575624443;0.02076119692324162
0.00243414268659069;-0.06253924359870287;0.0005756835500336026;0.0214988576429581;0.008642847614818917;-0.013132103638929363;0.006387787520401343;0.0023549047566871323;0.0025215742833563843;-0.0029425754286736532;-0.006312914031307062
0.0024204622379310897;-0.028774633338316265;0.015114138790777203;0.012994295308529769;0.0023629082637312716;0.010920879043589397;0.022876036196986135;-0.01715906979278583;0.007161154399631557;-0.006055936738596236;-0.014624400414180904
0.00243072257442618;0.00045480863524821564;0.020332928397912262;-0.01457013302911594;0.05070392320882447;-0.030269275410587087;0.004939632945489334;-0.016471491869195685;0.003980299443348442;-0.007671660608355795;0.023327925716934032
0.00220084217819126;-0.0023201168845822196;0.013307014299422599;0.05034073185455028;0.006885270863371016;-0.02267096442886151;0.006090477103152614;0.0004638025019796745;0.005313344655257699;0.007290303965282614;-0.008801872833556238
0.0021475861459071;0.03845856034050501;0.034583804785984676;-0.014591010621909036;-0.005289128154870823;-0.01124597762052415;0.00039093197469217166;-0.011845517366773075;0.011208750914722097;0.0007470149127316493;0.004846770053445034
0.00175134172221729;0.022910928613192914;-0.01400278788806742;-0.01579248141457221;0.009649926087305988;0.015227175459197039;0.000881265810899337;-0.012764253691663513;0.02552152338700575;-0.017213164735759637;-0.012118820395170107
0.0023112629423757396;0.00923840110337745;-0.01482788502409338;-0.004317347732255699;0.010502024926872364;-0.008084562452957952;0.006592076936482672;-0.013237996400475325;-0.007939158121962192;-0.008608881941127172;-0.002939529374986739
0.0026305548423541;0.011891009084969328;-0.005656058226856124;-0.015426123821050065;0.010628876162681168;0.009293938674229348;-0.0039693292595726955;-0.0002648614219935437;0.015773511899545845;-0.0057605630775800064;-0.001735678172339489
0.0035327315727407397;-0.004944445835063461;-0.001048795434149693;-0.007989099463085956;0.00046418539257626467;0.007291653445306891;0.0030333259084287163;-0.007687973388125804;-0.013531541054315237;-0.001229438079027012;-0.009443792033651956
0.0032122182041333103;-0.020469376765032878;-0.00010185714341118338;-0.020683152813393228;0.004269617900267738;0.010959682496686772;-0.00027844259564084345;0.00895820462253567;0.01142210851337714;0.004051474488465891;-0.002594973279166674
0.0024551519470332;-0.001460430382167724;-0.0029560647018524225;-0.028557819297337608;0.00976710984676887;0.0032904463474298174;0.0018266406187317813;0.0011385958872262697;0.0034906911367943794;-0.003916571067876838;0.00027905261398653166
0.00332459331812664;0.007811484894403142;-0.012921599040030948;-0.01706440832803386;-0.004894238222909768;0.011282269497558634;0.012809057851881554;-0.009250697988540562;-0.010022307622196223;-0.006980787697285362;-0.005961151548721223
0.00375455027601528;0.0036517204652304486;-9.395832844679446e-05;0.007928412242026499;-0.00048801107977969565;0.02075936904050988;0.005318513821855896;0.0042834272911198715;0.010454585234055784;-0.0013215158698708183;-0.0017439126219259463
0.00423190021676231;-0.0017092822756865067;0.0038557095487630516;0.00298442914799083;0.0034274820092965058;0.0019688703566808044;-0.00492337222601802;-0.0033889250383280804;-0.006534189248125996;-0.016296943136005045;-0.001780913894806862
0.00396513146788988;-0.032875248009912914;0.003807873424159256;-0.00394655958897052;0.006924327637608887;0.007798906345273343;-0.003293286439704042;0.0025972068883534706;0.005410879037850049;0.013693777553879726;-0.009571530059853636
0.002880467324126;-0.016875214995557542;0.0003547108914670961;0.05662921211894574;-0.01001359139802819;-0.003093567393575579;-0.003146067933592951;-0.005882818417633394;-0.004344863074524903;0.0002442111333679346;0.00121063384175955
0.00230197978078547;-0.02073734523829421;0.00861801573709783;0.0010573388436671562;-0.003892339636463396;0.003888374984644137;-0.0038063035748181475;-0.004833567557520219;-0.0028159325937631586;-0.010172323541450203;0.00025134008809953837
0.0037953473282696898;-0.002640602175604498;0.008228672223622635;0.0358003053240695;0.009718273429379084;0.01024658010940031;0.01835525039628013;0.013472591615590999;0.008361952971846175;-0.0036598518406220854;-0.013796642720676652
0.00308616264147965;0.020020516839405145;0.01609153877544441;-0.022115806903474852;-0.003014520383722528;0.003382285534016719;-0.007372389123256665;-0.017041901255825987;0.006498315431997706;-0.01115633314122623;0.013446121905533556
0.00341400482186932;-0.0207495410604926;0.00862031380667575;0.0039498883308970245;0.007869316989875605;-0.008783174545191463;0.003778243533339362;-0.0015482817395683739;-0.013079540680070091;0.0077727679255146275;-0.010619431378070967
0.0034369684321206603;0.00027089531678579004;0.012266641663468395;-0.007707217972442227;-0.007867268249977785;-0.013887721814024858;-8.312443722766455e-05;-0.0024355658034917117;-0.0041972568662434874;0.00449371935448013;0.006080253066015356
0.00262078309331068;-0.006766284552391875;0.015105049405068575;-0.020050925542832155;0.005411506454879538;-0.01829585679085217;-0.002498153610285804;-0.004285864148154844;-0.011470674847105754;0.0029764181347991707;-0.01122864741228087
0.00200711725341568;0.005703611869280435;0.024062083359598342;-0.0006657585379699826;-0.003601382337039451;-0.009656067480259016;-0.009723749050092096;-0.001878173020162671;0.00846462250554827;0.003175384409042449;0.0035054082752706186
0.00135827311696538;0.03406258225770467;0.014136298743666353;-0.01092624133159169;-0.005663105509691246;0.00426500050055022;3.4816268064259416e-05;-0.005878668342244063;-0.0012723753465565067;0.00221402698169447;-0.008817926667032594
0.0019340734293195898;0.02882848482520867;-0.0028131005314060197;-0.019191295483731993;0.0008736501278127065;-0.0042775088073674925;0.004634863148322582;-0.014947194615876026;0.004240743393665542;0.0068527204241148;-0.00648478512172321
0.00230662136158064;-0.0002942127279640882;-0.010892118948427178;-0.00778714201334226;-0.005960779997475052;-4.197710260421114e-05;-0.0037407466791095625;0.0002327545109972427;0.0004067825852110373;-0.00214542581399677;-0.01118578822570697
0.0037836212294181703;-0.01761688411383235;-0.008585358761915799;0.013643033327718875;0.010288976714360621;-0.0015580882124853084;-0.009288903348931106;0.008196410312171443;-0.0057840747069811274;-0.007054629426376891;0.0011283383458064958
0.0041950118641248;0.006811197990499097;0.0067738151690948396;0.02583780657021461;-0.02588322285878293;0.01042240221435454;-0.0023092878274055787;0.002146873638270621;-0.0002276666385779841;0.00034812016312407723;-0.009998478267607434
0.0052325273187569;0.025856020260786844;0.009169593081436266;0.006579550250725547;0.010265915159107884;0.025845161736824135;-0.011728947906655076;0.015087259146003089;-0.011337173020447084;0.002070169703308924;0.005216123736326653
0.00518537862962434;0.03524023485114431;0.0027283028499773022;0.010925894219872086;0.00859931286817615;0.0315612319452413;-0.015129441042075063;0.025782868102045914;0.0011252504438971714;0.006368331507086106;0.0005502372426913284
0.00680333597740576;0.03422388071331546;-0.028211151115908353;0.0004759026192584157;-0.029851945988893517;-0.01174906478323626;0.008647225844324927;-0.028708536072118207;-0.004167188943691884;0.01663069144920621;-0.0007446768743516033
0.0027573432861852103;-0.029660969570907223;-0.04795254463494312;-0.0016310198423266152;-0.01673072250329908;-0.01843651886396071;-0.006347474169444974;-0.0021941917845680267;0.010966872597125227;-0.0028047273795699474;-0.0007332451221077397
0.00353859462216724;-0.039500935965223236;-0.01332656858039154;-0.00930984646017619;-0.018110641238801423;0.015255145280816543;0.004543447413241135;0.002494202962134151;0.00622290029445085;-0.0004421140923292991;-0.007762626638691766
0.00439044684498271;0.017410070658601864;-0.00702292316814335;-0.008252951722616395;0.018089789216566184;0.026977476987235263;0.00013296621667884258;0.013675923767273342;-0.0016496333969027465;-0.0040945588362849596;0.01036108723197664
0.00523032867522222;-0.014362042304731726;-0.034562763444979945;-0.003935738838586941;0.006971305421467868;-0.001691635708798278;0.00452679110185944;0.009063769059736548;-0.004034505217115792;0.014415281392631762;0.002885742171572315
0.00465770418130676;-0.017481126934606073;-0.005511399365278489;0.010621771039031676;-0.017257812038444544;0.008649743051783003;-0.0013091988289952307;-0.007104287658534144;-0.00010704090309489241;-0.005461018295991537;0.012740817540939912
0.00616768370216417;0.014774065945651262;-0.0027381673230587305;-0.017126687698950774;0.00940458824080003;0.018098454473528994;0.006458013796709427;0.004110552331015196;-0.004670185663318302;-0.0011400648076920709;-0.0024138060277747553
0.0078701666791666;-0.006449434009606295;-0.012105651612766907;0.0004363109509208417;-0.004853408179750802;-0.02486958434170749;0.006373849747980901;-0.011316096631801012;0.011984754033023307;-0.002944271197927093;0.007425771771197881
0.00582420672330533;-0.016320740533971864;0.010207114574247177;-0.002776628484833252;-0.004613079491274868;0.010008133472500949;0.00601653265735527;-0.0054975823373935254;0.006980151569648334;-0.010310375649541638;-0.006392552952333153
0.0065365672285341;0.012283016795582823;0.013417510994681733;-0.00683674295869997;0.027759052432272623;-0.00011113189252035919;0.007205357316346035;0.0005667229162538414;-0.006505901126893967;0.002115051255596349;0.005735499512377919
0.00746781491232376;-0.008104385860493465;0.0027217304619116794;-0.007314626006163315;0.008231321014887005;-0.004571233154504391;0.0023869374617293453;0.006201349912528602;0.0037823720987124696;-0.002735785444294535;-0.0031979437930324804
0.0068238566503958705;-0.03208783520399405;-0.01325555257177388;-0.008713417107796937;0.001314875047030606;-0.01186168829358683;0.003114765524830526;-0.005623191003296447;-0.0013743483695822887;-0.0038840593857266434;-0.002876294433325604
0.00666677578453123;-0.021017916696484187;-0.0036608021550878166;0.013926384777814438;-0.013914683811867506;-0.008307715940343406;-0.003906523612950075;-0.011063052668874392;-0.0070481859983796205;-0.016583223404004515;0.015525953805041267
0.00617452392649398;-0.030931625702706703;0.007572756696495539;0.02842094143632694;0.02060809472342143;-0.01315971039173448;0.006066682888047693;0.013110191965692417;0.01194044720910317;0.007474348377113131;0.002399880939013969
0.00596565279070155;-0.008534966487517323;0.013362989332355508;0.0031009242111959216;0.002846878218540397;0.0019935994717520337;-0.008591510004538425;0.0031259128855243455;-0.007095050942191006;-0.011095139972098877;0.0012627487439977423
0.0048651095547427295;-0.020745682529910124;0.01714071212686911;0.010879811051239852;0.008481086332630738;-0.010030230002207196;0.0013153522007573527;0.0011423009494626647;-0.0003056960373539467;-0.0027443654114620514;0.01046984447048372
0.0044583605008319295;0.02089790737695331;0.036950466028335315;-0.011024715507700324;-0.004258941421165138;0.0028537738019256834;0.0011753952227681645;-0.012420140064540217;-0.0005070282560640746;-0.0019746288921957075;-0.004366516375418488
0.005178782699020329;0.04831637316919851;0.016374218950967002;-0.03906719417269594;0.004123089874688011;0.0036523618997238586;-0.007000173470432333;-0.008772889718416988;-0.007595604948750635;0.007324602278900017;-0.0032061357921993254
0.00131381165882061;-0.00026511410412253427;-0.013026674805473806;-0.019605694526076425;0.002947794613971961;-0.016446662055366518;0.008179444733817631;-0.012028722192999216;0.0033652019740380416;0.009040657249001941;-0.01894538634526336
0.00152194991343407;0.012662066082706735;0.005732059287005726;-0.011056192035077905;0.006846383326660982;-0.006701948657232963;0.0012335404832393845;-0.006331324525631171;0.0009228241147570843;0.0012524818819028957;-0.005688342774337937
0.000778075517542554;0.006020995628974885;-0.011777251801858938;-0.003409546402532228;0.002603763030129371;-0.0011552351338861393;-0.0015403649167047575;-0.003767236036868702;-0.007755461344858552;0.0036278442255747744;-0.0017158567586820959
0.00268918533661089;-0.041097283605205905;-0.01724425284032699;0.026826887068802215;-0.0021846633464379845;-0.004779528058660212;-0.006974768206843339;0.003725667508470586;0.01755995726981195;-0.0049703179470666605;0.0028578038810123784
0.00462716746554809;-0.008277930098244212;0.00535013206395612;0.0017166230607696543;0.0038354970296831797;-0.006221817775376962;0.0016527400801945647;-0.008019989278575595;0.0050478285625982925;0.0008551441454911525;-0.0004395729298580855
0.00353224298528915;-0.00988395298516494;0.004498791610857868;-0.0064917404542300765;-0.012177973778349033;0.009213443503691448;-0.005477737458340911;-0.012945523730400477;0.009240809339346241;-0.002499890842762133;-0.005516607792042293
0.00405356579672855;-0.01290444569493114;0.0013153130865584785;0.0038926918832157173;0.004001605373306343;-0.0014538485581541596;-0.0009174067835664632;-0.007008770292401521;-0.0011722222239627473;-0.00481055715150179;0.006814619201810949
0.0036697803530677;-0.011007603171648768;-0.003582665495288272;0.008297042106913108;0.0018045493658407853;-0.010436402121402814;0.0125621160456497;-0.006650586625146382;0.0009960566477182917;0.0038741438922572976;-0.003803549879482979
0.00527039284629777;-0.01370185048053715;0.00712365738917352;-0.0185134220689784;-0.005199650476783769;0.006986937746322991;-0.0033276505566125084;-0.01096272054260432;0.005662421333394983;-0.0010844900637575565;0.003732125081987526
0.00655537784544191;-0.006025972898697371;0.008545443515698083;-0.0107420923468428;0.01325746738389916;-0.0034595682859264645;0.005555955128494622;-0.006037086899067259;-0.002064216033160369;-0.007498980766868716;-0.001706847819996832
0.0055068691731365894;0.010980787117685197;0.0033599836313676083;-0.01700152763912681;0.010592275364431383;-0.00809785096068425;0.007380181410240647;-0.006518270421484239;0.007378023658445327;0.00921792462510175;-0.0008648738394707593
0.0041525047557881;0.012810249763225446;0.002761304479886356;0.007922614670175378;0.007154381290756284;-0.012205243850482125;0.00045944273158099696;-0.015476502531690141;-0.009662731243243381;-0.001207879559352552;-0.006607957157180876
0.00681115337664034;0.012142966461049703;-0.002342707765877148;-0.01687292939547782;0.0048385627560052725;0.0015576254855470392;0.003836490058905427;0.0064171755058190704;-1.7205494282723186e-05;-0.002588025542657997;-0.0016176036944297264
0.008802880125312659;0.006028856381059199;-0.0071458221647008316;-0.015335274232370636;0.0194479913017163;0.011689847884487202;0.010970067112717984;0.007965374960991317;0.01010774632486838;0.0032235899255638376;-0.012075558087800302
0.0076708229986911;-0.02404729646946779;-0.007550844676981546;0.005134735808112617;-0.017360817592074508;-0.007058171709397288;-0.012467827904983431;-0.01880876827912089;-0.002208059708778943;-0.006712259465358329;0.002087333257545894
0.00875548714245428;-0.01731986684445245;-0.0010691414677124096;0.025111929151319715;-0.0035368349080062743;0.014672740985058929;-0.011199443573340982;0.001814672157724018;-0.00031739552148411017;0.003121296691155952;0.000540591096646776
0.00898097025162053;-0.014767976096527304;0.0014125740147194752;0.005192832373140018;0.008264584569680525;0.0037599075994051395;-0.00631772094732091;0.0015787914801799017;-0.0004976335915928985;-0.005552015290173963;0.008375143113538978
0.0213959774106476;-0.023522167473865534;0.007117379166523536;0.006651876802298047;0.0032755040304634554;0.0033720442130334783;0.002218356211357159;0.005027978169246769;-0.0070919633888922575;0.004712749202185737;-0.006316607585956978
0.00316213799028858;-0.004912275154128992;0.011242307287739076;0.006092656265450396;0.004709509001150978;-0.007300733904714079;-0.01013219611506008;-0.010830142664567657;0.0009083736802348421;0.0005569129142843904;0.018172048435555165
-0.0035122108997514;0.024798711169529034;0.016399379497417415;-0.006037315409161867;-0.0010136137975470239;-0.002293393923922895;0.006379444321468505;0.0011499664707778146;0.0037007162483082673;-0.001746425082142889;-0.0070057296117123045
0.00288315455511307;0.019269926362139988;0.01420034248159466;-0.022218122480284572;-0.010363222538136437;0.0028424713873066135;-0.0034972677500989167;-0.00514546672237367;-0.00047402768599565706;0.007265009852833528;0.004067370452847253
0.00345993204237127;0.025067985657743343;0.005381525600097305;-0.015386733173422722;0.008530402028377765;-0.0021435555481984976;-0.003876666717786886;0.010089624340386925;-0.0026099281302688336;-0.01284053310869308;0.0022194553678803065
0.00553227572064841;0.04237661802835741;-0.016020567146445692;-0.006179514829940846;0.021273574336200186;0.016255749765762214;0.004805874515156208;0.015610315444741226;-0.019492840833628882;0.00357388519414474;-0.008293558414616455
0.00634552953474482;0.010790841648159974;-0.04517098879126696;0.016635244819114287;-0.007301215807184031;-0.00857384010881981;-0.0074220729773174605;-0.0064069614110434225;0.007830183911507272;-0.0008472504067682561;-0.012460654134470233
0.016355953548036997;0.006764624402579741;-0.03044107591141149;-0.005778508988427351;-0.02633950733857308;0.006583744470870909;-0.00410915560078962;0.0136448726048875;0.004936505792458695;0.002414462013289645;-0.009981954747703255
0.0079639754699779;0.034208886592862316;-0.036452617067322564;0.009349165815170812;-8.670410968743588e-05;0.011246829428419659;0.0033948438761811106;0.011313498260262959;-0.007932419307974831;0.01227376197815332;0.00803757209896091
0.0102598479076125;-0.055241012327220715;-0.03827235662504922;0.008702067450930268;-0.014112880017854308;-0.007990664129951933;-0.010729904707019029;0.00023609784400674495;-0.008625744070105884;-0.003770794982015702;0.01451174343025234
0.00900368956814462;-0.02491354296258994;-0.00693039057920319;0.006429683660492297;-0.011057419880639395;0.02900542137580692;-0.006503878464035883;0.009375017682713536;-0.008737899669296409;0.00577212239384531;0.02115989868911831
0.00879506272607883;0.024558997893283228;0.020779028088408667;-0.026346317835044424;0.017746758192265902;0.02021916085748935;0.012187240634032233;0.02209258375455456;-0.0017560555029606383;-0.007008511357487287;-0.001998076092332527
0.0054040215144594;0.009950638411182997;-0.013720257338691961;-0.007212065532190129;-0.0002997947712865527;-0.0021314837050722423;0.0047824037777420185;0.0020600646503584957;-0.009255681548942692;-0.002569140098422209;-0.005081164623565032
0.0092826730033202;-0.00033926814434428326;0.0032482009646971908;0.004529939100560773;0.008185693095875907;0.012260709972032933;-0.01208116391714474;0.005282844225906749;-0.011480521172699994;-0.0040079859735063115;0.0018421948354751252
0.007906322150625141;-0.001492209242288341;-0.014406565517418821;-0.012688424179497592;-0.009410622197622974;-0.014279825470672275;-0.008857185218221233;-0.020484212815818515;-0.004443885477951069;0.02013494614697015;0.013573711422552604
0.005835688528431029;-0.029507067242833918;-0.026266380445217685;0.007256034503784963;0.0033390500565675246;-0.007905911593819176;-0.008029824855419454;0.010649982756805766;0.008728307124041709;0.007622633294366189;-0.01582374725972176
0.0064928386515668;-0.05058003621441962;-0.011218165962567193;-0.0012181855049984128;0.0006685223294050205;0.003696732532306457;0.0014037480164887123;-0.008965179198653054;-0.00856147915049675;-0.008253966638018155;-0.003498032363824771
0.00458856905682836;-0.019310033070503715;0.016044305341220283;0.006290334589385002;-0.004044719582051067;0.022408230814741647;-0.004533597686666185;-0.007085921430941508;-0.002598123704979388;-0.011683152523954968;0.016312486109234796
0.007210085031317259;-0.002291643857255225;0.003409326072079404;0.02580350921435609;0.019526592485479787;-0.006650276851615901;-1.8420447497400873e-05;0.009437732967816987;-0.0044308212813718925;-0.004531752967866256;-0.00042949594061407595
0.0109299455982304;0.005526094793737275;0.016793428754754324;-0.012399006011562602;0.010287948541973105;-0.009185900394695922;0.006265918664626737;-0.011500284581179385;-0.001133533813558169;0.012320989732856212;0.0004100242650253707
0.00652142101751729;0.0029536933902670815;0.012615751897399604;-0.010463738055314281;0.001148160092968976;-0.0037938824663182784;-0.011170700533966156;0.0007488017980815184;-0.0020402994586596166;0.007758863709338605;-0.006551932798682644
0.00392482300308861;-0.004986044462055054;0.009771436695442753;-0.003346555052377002;0.01351998441285936;-0.01822429773657947;-0.0010715550914082365;-0.002893298368443662;-0.004362367811116134;0.009455556408002552;-0.00022440709482068736
0.00350048480089915;0.015060209136898092;0.017164294190505667;-0.005897548427159983;0.007622929798521039;-0.011481006255126502;-0.0035283395290657948;-0.00017633671322605114;0.010177843280766813;-0.0021399754653119787;-0.008825928276617224
0.0062192296783653;-0.01869359533515854;0.003027653443005713;-0.005636705188946388;0.004659603743085481;-0.001658514428344125;-0.014682055118789887;0.004663094143556226;-0.004154510414987775;-0.0012361582894741027;-0.006699096292009787
0.00567421037549631;-0.019756673079708926;0.015197627705758093;0.012922255348491842;-0.004662422435267392;0.009428542901357629;-0.0016688102531788509;0.008876073290575711;0.004087999458576698;-0.006789546984606086;-0.0012994081809655066
0.00834409650774837;-0.0035177048839174826;0.013268122147367011;-0.019219464716900055;0.001806973385253308;-0.014688874658708448;0.0008336228425592225;-0.013308991851664469;0.009343377691668351;0.009480287571920761;0.002920338544166142
0.00612859670599208;0.011448082963562178;0.026777958049595436;0.03002426711961939;-0.006048073352762332;0.020810410034069096;-0.009789706417333363;0.005914404303714556;0.0028250325759877717;0.0009051593178838698;0.0007569325593302429
0.0007880915603111219;0.013858421155377783;0.016943611656426726;0.0013084617556738763;-0.018458460759047206;0.003954470476897543;-0.003369517449673675;-0.0053190503701587705;0.002315574101652049;0.006501105571979114;-0.0034330366202026128
0.00254871644411936;0.01875355716417893;0.007406959273004392;-0.010011909218687247;-0.016518008952696926;-0.020171764062287812;0.012209085969570783;-0.030007831730936622;0.017823549159006982;0.010199194944452556;-0.003906337703376223
0.00355691665162206;0.002664211946181351;0.0044171329484371125;0.005199219389003308;-0.012426580479871547;0.007045706209573124;-0.01686902954785001;0.003105373206988239;-0.004154516271583199;-0.015303647649588588;0.005263848686916768
0.00401423450683125;-0.019294020484423267;-0.007292945013296514;0.016841650916505576;0.005665936338332265;0.01901170452053078;-0.01382820924008809;0.009481152664228795;0.006772723124834788;0.0042736725591374335;-0.007013646937409445
0.00330627128867111;0.025103852203834442;0.0031763342945510713;0.010304782470061969;-0.009059877132841735;0.01103873645143616;0.00043182267745498214;-0.005877111475263323;0.005487862175954272;0.007761890888177936;-0.009490063216255904
0.000994519758843015;0.020203648191480236;0.005600419943442652;0.016096356901385535;0.003847297522296956;0.03515687374412851;-0.002160009077880947;0.002115181095075741;0.007044168761839944;0.00410195286312729;-0.0027650731758040083
-0.00152121703225649;0.019553792276239542;-0.006215388199341982;0.004059909151377823;-0.003333721012685611;0.04419168084559887;0.0038169287057358047;0.006192956928888562;0.0031468065802984315;-0.014521578065073282;0.003946715180057208
0.00411854792786415;0.00820335800926921;-0.016293045489105196;0.02716615966523261;0.010629747134082074;0.022060723065971836;-0.022252114142959238;0.020349096724145106;-0.00962498893832303;0.01378978758080403;0.007563758290687436
0.024856642334197;0.037967690159940795;-0.01742254436433709;0.007549772335126763;-0.029757410277819665;-0.01334174689569443;-0.00036723422035776304;0.007052086691591847;0.003198687648105604;0.014249140099549322;0.008495009379755702
0.397963762934437;0.14675043313897246;-0.037905901630069065;-0.011929239325793622;-0.05210885155891151;-0.05163740337727343;0.1216157844864357;0.05600930211959797;4.7957667723554625e-05;-0.023938577619596245;0.016572724341546757
