# max_attributes; 15
# description; Stock and Watson 2012: US indicators;;;;;;;;;;;;;;;;;;;;;;;;;;;;;;;;;;;;;;;;;;;;;;;;;;;;;;;;;;;;;;;;;;;;;;;;;;;;;;;;;;;;;;;;;;;;;;;;;;;;;;;;;;
# number_predictions; 100
# predict; CES278.R
# lag_parameter; 4
# horizon; 1
# name_prefix; us_data_stock_watson_2012;;;;;;;;;;;;;;;;;;;;;;;;;;;;;;;;;;;;;;;;;;;;;;;;;;;;;;;;;;;;;;;;;;;;;;;;;;;;;;;;;;;;;;;;;;;;;;;;;;;;;;;;;;
# method; dm_FactorAnalysis(copy=True, iterated_power=3, max_iter=1000, n_components=13, noise_variance_init=None, random_state=0, svd_method='randomized', tol=0.01)
# prediction_type; rolling
CES278.R;0;1;2;3;4;5;6;7;8;9;10;11;12
0.0253258283396043;0.016064869175943925;-0.5611026248692481;1.4307564454740627;-1.2552402153500994;1.0127551476838734;-0.4246243179189954;-0.6749518098891063;-0.8264753521896684;0.08725471535894058;0.4903515916128584;0.24085722456696898;0.8342968181403584;-0.11040991090830861
-0.0142202900369192;0.5769757369924324;-0.4239324867734958;1.0622260777646355;0.6336591588683663;-1.5579148182470846;0.11715634213712643;-0.9089574856591293;-1.9344089765294386;0.49969711771484937;-1.2888663224901924;-0.36308621940393854;-0.23278992296970416;0.42460970010456506
-0.0074853600829610295;1.072078947428076;0.00790173176660345;1.018889513122246;0.2981855026424296;-1.0678696338278988;0.21246866737908324;-0.8317490248215231;-1.0212099987469736;-0.13780508674963254;0.1033205260879968;0.003075449253404085;-0.01498526821391971;-0.9270445786904012
0.0494064624521511;-0.45042585785187317;0.11721478784139336;1.3747670751093166;-1.6327568440254023;1.4482183744211312;-0.39520358262988914;-0.6791403796850057;-0.5234791197057693;-0.19903205045081698;1.5336445933926535;0.9031492985645968;1.0979089661043488;-1.562616664867868
-0.00844549736787218;-1.1515805065447953;0.2689930197558625;0.9607322006162384;-0.08911191406074197;-0.8619374491899612;-0.15366618318786995;-0.7234800817321729;-1.0181533971065764;-0.41621646238724314;-1.4291330055211187;-0.23739777792191719;-0.8507847850205099;-0.12356625137636411
0.0014819548422625;-0.4442515949340381;0.8064605316291105;0.9189917337891012;0.19716974553335442;-1.268927988718967;0.06423059452792662;-0.758793217712202;-0.7718064861128635;-0.6930257348591466;0.38089413056106836;0.09840250730722651;-0.15688929691846082;-0.34961538136144465
-0.00329670749908872;-0.15169533007210226;-0.14475972414292607;1.025063263019722;0.7064486423331928;-2.036075714089801;0.39648443582368587;-0.7892445435161584;-0.871587689960119;-0.586005787246449;0.06945240448433823;-0.0559965010255022;-0.32743154358258886;-0.28256000056682995
-0.000214305658936133;0.23361243853956354;0.24058275077403873;1.088327618050755;0.7062556766271498;-2.1739458488123278;0.2192249849724898;-0.6664451141081096;-0.5857995546753105;-0.9815563410280606;0.5115893114617531;-0.08418299304284216;-0.5606573030302092;0.10671156499154134
0.0299867831823537;-0.06825721882513083;-0.026287762802070905;1.3774096181193536;-0.5626885739992816;-0.274987404935441;-0.2220816226653822;-0.6143702266210745;0.03528431361019092;-0.6208806848904765;2.4106193597235634;0.63527271812393;0.6346881917798138;-0.05805402854206581
0.0117808244458264;-0.25825234170132527;-0.4479047702619946;1.3045073762885047;-0.759044984040059;0.10878837861438086;0.0043807844394968005;-0.6234506220962852;-0.5173470078131422;-0.21800458777201792;1.0211967560158322;0.42686806624910756;0.10117282520961841;0.12619079674402736
0.0205898657935665;0.2914418640557469;0.055783496737856667;1.3246108428802468;-0.7200779555235517;0.08124060092171133;-0.14991318582273336;-0.6175607960997124;-0.4236430602871096;-0.37630762931245515;0.8141005953477622;0.4247526047424751;0.4077065624914;0.03979963974358219
0.0132575516828584;0.4004525083329026;-0.02993597665480173;1.161086868703314;-0.5352864701066143;0.01542298929752849;0.023966709320571312;-0.7538218905981992;-1.1292243360074148;0.1354491189969251;0.2605583905655038;0.3889879997159153;0.5244834931273259;0.04350618050364002
-0.00161825802361949;0.21121054461192132;0.32713885987855057;1.1252384455413036;-0.5155656073128535;0.07554678901102156;-0.03383228660677588;-0.9368913194653843;-1.0175799954790854;-0.005675292834916642;-0.4075229404497459;0.22271964446849465;-0.27210831298503435;-0.08717410281281614
0.007359921647951;0.05694941344652369;-0.24132854605880916;1.255414879174796;-0.16252926880542304;-0.6355678739962911;0.07978720813548507;-0.8736790722326503;-0.6724916006928752;-0.3377482842877932;0.17358184851909786;0.1568210529545088;0.11295686925973537;-0.39298776870310564
0.00644003038445874;0.09551580893232524;0.1892741199401149;1.1486138681296658;-0.23457998731665247;-0.6501615924521803;0.0784214895617011;-0.7004848481545283;-0.7681473077711334;-0.6038188849528252;0.5150432005407802;0.2251609331162073;0.16986059510023463;0.3021276954500424
0.0130203657009813;0.18870481301734784;0.045250293136802844;1.1666169699948223;-0.21834366368808156;-0.6876021034035693;-0.03767185435081616;-0.5777031358457535;-0.5028178915161783;-0.6224558549570097;0.9049018323018014;0.21784719865666277;0.02940507679818166;-0.44987508664029846
0.0161179189926138;-0.02856778037599829;-0.15856225424266465;1.325641946503129;-0.5220958064209769;-0.376131744190346;0.002154071454925501;-0.5649363906627465;-0.2361671052464593;-0.5410575740271515;0.662607704627511;0.032560265251028286;-0.19907484938649597;0.4398878319003556
0.008515837050329291;0.5148166966390164;-0.06608401130852071;1.1164723702358528;-0.15157931783933476;-0.7056582644726043;0.37543616619784154;-0.6868876203490238;-1.039837639058932;-0.21443319210692233;0.13193597578204624;-0.09053229564275352;-0.1292943492906648;0.2428315331998001
0.0110412487387156;0.23606605190384514;-0.14828171485360567;1.16346804270237;-0.24672698036693827;-0.5019750517276924;-0.08704626843428397;-0.6516993687755626;-0.498201591995812;-0.43525835728353945;0.34629918422493006;-0.017460829860572902;-0.08778586920499742;-0.14519369867170398
-0.0010590777151884801;-0.014144287309085348;-0.1352531647855438;1.1458386767519713;-0.4142260807574795;-0.48496027686976834;0.23976810623006886;-0.5162301654570636;-0.6734789701793065;-0.3438801493479655;0.07101467288837356;-0.3113876045174935;-0.37788892016132336;0.33338000019660047
0.017223430506819;-0.1036169022799655;-0.0670629486967912;1.2060930593555992;-0.41175346963705056;-0.17436383123468707;-0.6058361321915406;-0.6687833961187772;-0.125135606536781;-0.6969610390034314;0.4028927703625451;0.44563417813396755;0.29894951899439465;-0.3661454249199299
0.0115305814960708;0.05937139896981157;0.01628755891720708;1.2089503369078198;-0.703361705555957;0.139069692892332;-0.1438898313101187;-0.6227968954319193;-0.841032986641124;-0.11140019880744097;0.26310615325574505;0.1949640710819834;0.30250334555450237;0.5646123219932143
-0.0109043880379278;0.361615471835651;0.09553214838999936;1.0782084352655925;-0.19646352580902063;-0.28409368977964333;-0.61639853806054;-0.7487382645888649;-0.47278579475999716;-0.6687010582540401;-0.2054014651600695;0.14265908944809147;0.04149211640712925;-0.1654229976809124
0.0299250650908089;0.32345953767287494;-0.015233603575553019;1.2495444081081462;-1.0151371974754848;0.5944332913846914;-0.12063028820657408;-0.5995468693598024;-0.46859571511640724;-0.36782254241367823;0.9578418374969879;0.35204581936975887;0.27225100433998994;-0.5297595332639772
0.0103714689605299;-0.01731490114377343;-0.01761806858148191;1.1339156754170872;-0.8382703151438612;0.3820819201487437;-0.14113680999248437;-0.6245460254393187;-0.7740120091382894;-0.41355879585838057;-0.19947475001361362;0.20277881792605734;-0.04516835753125907;-0.07971225017461701
0.006903609184638279;-0.053220298348216524;-0.10019486449258369;1.2409724470488175;-1.000654445594285;0.6451115817727398;-0.1794851646517155;-0.7081030741689526;-1.0485662844380372;-0.0720658873179334;0.13440459045968958;0.36713401475463053;0.6154697071315809;0.10757276824165649
0.0145551837116412;0.19828446108849657;-0.44667321095223905;1.2528056759509987;-0.6834658687471852;0.4123907973758025;-0.7886696648996901;-0.6463513732507605;-0.6594736753644374;-0.17707287798891472;-0.11724441444438083;0.5384168725225723;0.8142959872450779;1.0545786610621706
0.00947144879154105;0.3407109328421223;-0.5684144923528811;1.1711918977579585;-1.1093469564380312;0.7097826834321901;0.5212263548573337;-0.5538096487355851;-1.193118496835042;0.08839589572949763;0.6905652781144426;0.10597692995792729;0.5965059753809546;-0.024936368029443847
0.0056307227599364205;-0.038251046992640154;-0.03508428629513995;0.9329021253518275;-1.0727231220455207;1.4490774175041845;-1.0033810892699468;-0.8645762666763097;-1.2753451165387488;0.20437108432339146;-0.04522472657751089;0.5791102451854709;0.7904910067877055;-1.3106778001531456
0.0122239691256796;0.2720030807835363;-0.7121855184257904;1.120346997702992;-0.6215452122222646;0.3013742019545217;0.2891634185075716;-0.8151847761744955;-1.2846604334006673;0.4642233926842531;-0.22369123327326235;-0.14794324351495525;0.3957517398811052;-1.054270786413567
0.0086557372645894;0.49592814466081064;0.36169172916891656;0.7924186272701824;-0.32000569977593374;0.22944808554589072;-0.5655216341699734;-0.8151920645602907;-1.0599274141138137;-0.02110557199170529;0.1335023072794707;0.2549336659930661;0.06309589864507908;-1.3907406613669477
0.0111513264804252;-0.5614120634759636;0.7726180067588848;1.0065906511772444;-0.47122720180229943;-0.21276769194632866;-0.5403940974269293;-0.6010046595923454;-1.2954200884031657;-0.13763754712873721;-0.5945637754536091;-0.0018807709210135457;-0.2699145317219628;0.19075784168091486
0.00895608056415015;-1.7745873960605139;-0.8032890999775838;1.1579040540806438;-0.1889083009479618;-0.8727170818680212;-0.3343104325327795;-0.5110308048633535;-0.3082305413550533;-0.5053524332939424;-0.4488548796990076;-0.3776446474727311;-0.4338461428977481;0.6280944207955913
0.0104276366361856;0.48716038314364174;-0.8145971443569624;0.9017414901035905;0.1983462329060771;-0.8837402633894685;0.08751618586145862;-0.5730177216162039;-0.517296093871251;-0.2795428117851584;0.1667806276329654;-0.5999073988884804;-0.6702972139407056;1.2602864700943106
0.005552897174337879;0.21345663302191442;-0.798615558289371;0.9435293575505347;-0.24565023831871804;-0.05441299834164449;-0.41776556513055996;-0.5843680741834824;0.12244822908346566;-0.48111917679116234;0.8958831055460503;0.22620155294184008;-0.6359146416274487;-0.3747444292087487
0.0352471588485205;0.5676352347412267;0.15840021300895324;0.6631121100150914;-0.2694312012813291;0.13212420497635816;-0.1996900151551444;-0.6651119632225615;-0.6067034228056781;0.0010488218198437492;0.7059451693138361;0.6916188411234246;-0.38585611080153387;-0.24381451636214296
0.0125139294858398;0.621576802763309;-0.17999253170408372;0.7385741622596623;-0.2924380345702947;0.015725235993416728;-0.2728146611319976;-0.4605108631470231;-0.7687817650945155;0.08771714821334754;0.1805733335909916;-0.30146241790106565;-0.1540561098109325;0.26708907354853206
0.0029767505275724;-0.12458466880887008;0.561951310647597;0.6142197948623483;-0.5317620912770736;0.21365076506937594;-0.17302380937329584;-0.47969481667432884;-0.727831488037617;-0.12719788022058526;-0.07191170005933192;-0.5028631463315771;-0.7596726482265621;0.4720269294262192
0.0202609919523185;0.2309154693985529;-0.6149063529298187;0.6557456481661363;-0.1001032730402079;0.09900611249496699;-1.072829955942488;-0.5086972891742324;-0.04137282777037878;-0.4147418791508132;0.1771996618104878;-0.1166001147766923;-0.31767492339097797;1.0104204533100676
0.0118596790333881;0.2895972201225909;-0.8065116700645741;0.8740561457778036;-0.3145558935103971;0.16864223928716954;-0.2516667275747743;-0.6727551225061463;-0.26169230626530704;0.027040557659532474;-0.04654133023091471;-0.07348685765607951;-0.06469665162850692;-0.029500751856122085
0.00101361716618992;-0.06355311185793905;-0.386963349759693;0.5879332183933699;-0.3244173780051216;0.1749539189944229;-0.24834030876713176;-0.537781897023093;-0.9968105948134308;0.18636183753498717;-0.6586168025787325;-0.323529673336453;-0.3125626802116712;-0.0167890276956371
0.017792441741551004;0.6935545051042974;-0.9393547834388997;0.6956593230139009;0.08147675310614201;-0.3000080011628062;0.17895814250248063;-0.7422114310128838;-0.6172217825947155;0.06080871619224641;-0.15739145910400487;-0.2044416212258346;-0.2625563293884163;-0.45834982807919605
0.0028962853283041;-0.05847471331537921;-0.935264227198139;0.620158259694889;0.6437288963510922;-1.2104766974281465;-0.24037953252124747;-0.6357731290574127;-0.4781598081900971;-0.32925271850315335;-0.9405640448231154;-0.8162306980654893;-0.44383328960724144;-0.02991390954882295
-0.00276249442594145;-0.3285613640637325;-0.20961798314512864;0.5255430687061657;0.45861540918103827;-0.9574169269321005;0.04575221670134551;-0.8559404426790812;-1.720612019343386;0.34988872337944643;-1.3702402193476664;-0.5248505122640775;-0.3822095724979178;-0.5489092144067749
0.0065848023551008895;-1.3898614709157562;-0.9672110815037657;0.5586857030747303;0.8962186792285016;-1.4242736742016646;-0.9714681934700998;-0.8856113032639868;0.7626426348598432;-1.3532811630394344;-0.15341427826711568;0.01656948639199713;-0.46684536111481256;-0.2807152038276681
0.0143816568149333;-0.2131372971732577;0.4843177197634727;0.5360189419692468;0.47739442315850966;-1.6284518765314488;0.7234766881607186;-0.44374173977574083;-0.09878898870835694;-0.677715081790009;0.2901399213743734;-0.9332906477374793;-1.154995825272196;-0.6553442177387021
-0.0226607167309826;-0.7619746647532;1.127766352294994;-0.03924344884988851;1.4262823328377414;-2.660039123011973;-0.24690330927403537;-0.2790667206873335;0.6825393283772034;-1.4968072786290563;-0.464859710683549;-1.2448104863304013;-2.7719459214886384;0.39975599812612306
0.0525108236757474;-1.3471952886365222;1.5078183637197737;0.36418610882034336;-0.9782129638124386;0.924906256375777;-1.4132882173290815;-0.1711700150730194;0.669326676306588;-0.9288429320546435;2.2898581902418607;0.5270705900542375;-0.15559818839556294;0.7755841994854215
0.008740330860991909;0.3802649863803973;-0.42265353889349017;0.5183558077143249;0.3081489445270681;-0.6462278618734146;-0.4915864330730996;-0.43147785418142365;0.12589156659855108;-0.41710532143693324;0.48316962131610197;-0.26532874374465376;-0.2254657062920381;1.1859046234044897
0.00710786090945259;0.9649761019345788;-0.337044802704446;0.6000184020851529;0.5294023785779818;-0.8543460011358536;-0.19880988459990823;-0.7105360464633272;-0.20633867292252792;-0.22356891696303263;0.06266820589938452;-0.3401378824524618;0.3167250453558494;0.8929387176431598
0.0136368232176192;-0.45291105305260676;1.1525595071747723;0.6636011980647848;-0.6497950072998033;0.34292013641230984;-0.6532872118053449;-0.546057485208887;0.7685862781698642;-1.4634532778442635;0.5649878108479759;-0.3360253960424033;0.10039557668171047;-0.05161247695397647
0.0383559974350884;-1.538083361533891;-0.5683981762171428;0.7376234760067313;-1.3433084926406058;1.2184195800343351;-0.8832816642688699;-0.044993650806976725;1.0867959911868812;-1.255452923097665;1.1394331625186789;-1.1829760271574754;0.6139811625980325;0.7330055709893758
0.030299995545089;0.42316120398901413;-0.1651005437446622;0.9734463806295225;-0.6881979938515588;0.48843973415976893;-0.3499911956165016;-0.5378447291481996;-0.5747257844407594;0.021593304222061422;0.15234228548078257;-0.21449702008035082;0.42496797804671627;-0.10574031901298978
0.0172426752523163;0.5683839312075124;-0.2168512258579484;0.7041594252354739;-0.18980792923030035;-0.003248640117791257;-0.35473591504624596;-0.5628618968255906;-0.33287157290032393;-0.24730063739710212;0.43239106574343855;0.23217668852488205;-0.027449710507357387;0.8868299970102735
0.0326098956806153;0.9880276299297777;-0.013354772825906448;0.7409234841663257;-0.8219680578248738;1.0794299708401647;-0.8385841055392361;-0.43157546959779935;0.009707772416418637;-0.6156156724844478;1.0242817496838275;1.026948630765783;0.4005643445699524;0.701230413421302
0.01660130694069;1.1047777359331261;-0.2993494902272728;0.5730828178126078;-0.9254647027221815;1.241016683810088;-0.1844353983116922;-0.5011495205198977;-0.6867875285670461;-0.5724875928549941;0.3086581393887016;-1.049872143372812;1.318307564133233;0.3894299485039211
-0.010238236265948001;1.2564454580076114;-0.21792558520289904;-0.10996600041344073;0.03644632362416412;0.5741411171173991;-0.2257793946064967;-0.7845859471238058;-1.2705059214577277;-0.4545019180185925;-0.559214726836584;-1.4476362813758767;1.171730517908088;-0.5778787152503992
0.0011934020466696199;2.359545725228603;-0.4403257558474191;-0.13113439451166997;0.9053953095665255;-0.49730543297846375;-0.32886023225622946;-0.7161222228897623;-0.7702303719394864;-0.5904995636775995;-0.3347139338823941;-0.6582155804743126;0.6742659173782348;-0.6944164233806593
-0.0103804126738122;-0.7284233800614166;0.813708514939614;-0.344107362858266;-0.9629582923695592;1.4454696868905303;-0.13175232011725635;-0.2805661962103615;-0.786742486405669;-0.9978000202787113;0.41809437028175395;1.034345003212587;-1.1210395076955613;-1.204321730544976
-0.0412306338013065;-0.2188019900025383;-0.6705894122703016;-0.9300853333641038;0.32034503891379273;0.2906952720468729;0.27168552254828915;-0.49508731017137225;-2.101693688507118;-0.5485363422835432;-0.4434187078409552;0.46082448797555164;-1.1081796127335253;0.15364461673626045
-0.0032501353526313;0.22034361734435337;-0.9920847968840261;-0.9220060293278511;0.7433844358682705;0.17355134898022712;-0.6967065032283941;-0.4794616284788095;-0.5677098145014446;-0.5682392569566695;0.40765850868157216;-1.8146045116482614;0.299803171622949;-0.6015902073069797
0.0166584017505234;-0.5277301548218276;-0.9734182831489198;-1.00904033554098;1.0453906974305043;0.33694557739166264;-1.7745679168810113;-0.8661257088265574;-0.2314025326261664;-0.11062653615985621;0.7659180559195937;0.050448230125409235;-1.5975850814377899;-2.4216068266333686
0.00588141929651154;-0.9705200925975853;0.43883640380602335;-1.3862570140813637;2.0643500794686056;-1.2435072876200182;-2.095564229812255;-0.8866733020681375;-0.9617685165173133;-0.7899062573179954;-0.7734698435268744;-0.9494117629996821;-1.6189993309569657;-2.3942394299740473
0.00126944907637561;-2.530603759894518;-0.16729429106431648;-0.9189191126176102;3.016317616900168;-3.53470334665193;-2.288276145431249;-0.5955288199218055;-0.40200758295457967;-0.9851534140104654;-0.8004080935573847;-1.529507594102343;-0.2399779648223471;0.6044349598041442
0.0068453931412007;-1.3254518244419713;-1.2968709282604451;0.13023304189150062;1.1612817198800134;-1.4658287924988531;-1.5694322745429123;-0.3363087617995558;0.4780973738395384;-0.18265916536709126;2.377488104608882;-0.08589271768963799;-0.41059658735700705;1.7711439319320375
0.0033037129719018;1.250546149471992;-0.3092985962452226;-0.3511831255008039;0.19286748815843016;0.09704708114626905;0.298895021856442;-0.1349979728779673;0.5502646457063347;-0.3433158090784761;2.256031416663243;0.7849827381760492;-2.031067460707623;1.7858651455399936
0.00163758261141522;-0.8419712243778629;0.3355874443341861;-0.252565714737733;-1.1024705195267832;1.8809060041041143;-0.761181091597916;-0.11867614724884092;-0.16759092434886957;0.3752329471414755;1.5590585145048041;0.3353924225320897;-0.5085334928004089;0.36767115304341863
0.0313083589507877;-0.7427115249069409;0.5123640564913073;0.29791256288182405;-1.5990990813147563;1.9971012622416633;-0.7885835425884025;0.1274019309116366;0.2964600821979262;0.6816027584958586;1.0444214285227698;-0.3085156944823245;-0.4447855295615142;0.8559296121492509
0.0259979579590522;0.3944855637236875;0.01770848393301678;0.3985242442664044;-0.18573871126542205;0.6216644874434281;-1.3998677885292545;-0.5379137241255868;-0.02762362918697975;0.38776706601770183;0.3003545871852582;0.5913944055463343;-0.027354112081059465;0.1008584421473759
0.0269811242387783;0.06697551212222275;0.09404741788485069;-0.20818009970872844;-0.15448469946916168;0.5464131704504809;-0.5552948334371782;-0.2213768015666548;-0.10001751486913517;0.12993409118915833;0.8136987483178946;-0.2218681951952154;-0.16994482951574086;-0.24248237658597618
0.00297407099274283;-0.014753182572890029;1.115905602864201;-0.4704833791336607;-0.299994616253046;0.9263912760435277;-0.7925662782173777;-0.22991648281608015;0.5344621793134882;-0.303936721075462;1.1787818265563899;0.19173959280089048;-1.219669639260405;0.1911747854936173
0.0177990342369929;-0.29337296807271573;-0.3982708281843408;-0.41215214196252037;-0.5430930400738513;1.63246411077241;-1.307856532637674;-0.20961218428584028;0.500054014343816;-0.10989313303869766;0.6128091521792834;0.13749568275123328;-0.1929076890721466;1.3588702544843734
0.0158984910376767;0.3483511306595435;0.016808004763530057;-0.44237604443281275;-0.6031845074761963;1.6838789995916041;-1.011094291459687;-0.18614850972088073;0.8360986663572115;-0.5316446850416935;0.19289214924878534;-0.13465797607164756;-0.42574286297380004;0.8907937543007971
0.0187902157192045;1.1500958021805643;0.21581964120449457;-0.39947172987943935;0.06624515405949108;1.0723609309175939;-1.4294214787591093;-0.41352341894615635;0.023075124858032307;0.5533092093406432;-0.3253642071965033;-0.3793094107959373;-0.17929465542091236;0.8621130808716659
0.0130625609755928;0.7111170874660814;-0.38720078509377187;-0.23537188025860556;0.1423127118915947;0.8567784203487333;-1.3868363081570638;-0.5537631568849751;0.017677248021707306;0.33402918447609503;-0.6113906345637324;-1.1142274177221598;0.2296760915673474;1.3934316402160194
0.019735503714426002;-0.09925553454713532;-0.8865935775479602;-0.351401328525404;-0.18303309958281347;1.3455188617725384;-1.110676767809456;-0.5011596072702297;-1.0188746280073184;1.202926704174899;-0.8811753952856076;-1.3521503052187127;1.261603570842282;0.6149846753542416
-0.00523588060170477;-0.289827962258393;-0.7035319208092746;-0.8011496815861965;-0.6894303984911194;1.8063094111176756;-1.1161495344037278;0.3456167724479527;1.6367824222298761;-1.2493634666835576;-0.5017035859674084;-1.0062793072067227;-1.688195758120573;1.6953180609682126
0.0137148236302911;1.1913186984007282;-0.15949504367872677;-0.6846690471155514;0.13990123671590954;0.9225736019861909;-1.034766443506514;-0.18638556839521367;-0.4181660096418166;0.08858160540420285;-0.3681814873982273;-1.8028044687982825;0.5478648560557833;0.23372665601362105
0.0194656574171491;1.6737348254089683;-0.411063172270673;-0.8037249398861724;0.1813331103287458;1.2381347846533217;-0.898093311852172;-0.34198580845309207;0.033522142836545706;0.41030832027671144;0.2007335682442512;-0.6954640836272814;-0.15478231688543084;-0.04855760896746948
0.0137272287822324;0.9834227170704927;-0.43817789199402324;-0.8395925821079246;0.20051605407273318;1.058291256289246;-1.1160319788118132;-0.4545006113026383;-1.5263539405448223;-0.3175495260063112;-0.21977811644052245;0.17393304144406427;-0.6493724356090399;-0.7373006379409135
-0.0325171051716835;-0.005141999764224773;-0.022498653059316077;-1.9539485867307564;0.2126035257072424;1.6652740906752794;-1.1771643982674491;-0.027199634438941703;-1.1501630901249873;0.18125053321766182;-0.05347513289256992;0.3187159145487672;-0.5171689120791846;0.7844969706586086
-0.0141992041006563;0.5339803592789938;0.10401166774065344;-1.8429386640266492;0.7518625447406073;0.7296786897795777;-1.132164883772638;-0.029604825863222856;-0.6655169683196315;-0.6746916374787397;-0.30755287467385806;-0.3192284023415662;0.34631444456427846;0.46921538668456164
-0.0165402413533916;1.7630630793771596;-2.509104306391394;-1.3805939448660371;1.847962943737121;-0.903059200975991;0.05096031231424724;-0.08960388411783347;-0.2136868990127697;0.29715635472269253;-0.327279698365409;-0.5788589497584488;-1.1833473667502088;-1.354316295708172
-0.0278013420371385;0.3586703621363872;-3.158253379906443;-2.0101304812265277;1.398251033962755;-0.062139772948934836;-0.055608187068336465;0.20523966013995623;-0.773117504842676;-0.14185974798541814;0.6267808328828937;-1.415260394257128;-0.8650725408325144;-2.158765776330481
-0.007768007990476059;-4.151403116687307;2.434766742627314;-2.5001146334579043;0.503810896686619;0.762867101378099;-1.7907091334305787;-0.12537052843100088;-1.5140021253580636;0.016654093155580585;-0.2963113947857879;-0.5156408797527202;-1.1718736069795836;-2.4190036317724064
0.0157307354997305;-1.4585016548823984;-1.2500005105663798;-1.7712970513891473;1.2608575407873375;-0.5731329513188028;-0.9012092765641017;0.4948648068328489;0.3204747009606769;0.35415549017196596;1.9454316558046147;-1.345633686671145;0.1648179168687456;3.388963850820899
0.016947436353084;5.468960730574317;-2.142555904008458;-1.853057748427652;1.9321148238175099;-0.21820094439577342;0.26530763142129105;0.4712875193604469;1.1027005344434637;1.0686027971300411;3.140208814302104;0.24288445775689327;-0.4456572280039782;-0.9662655989063909
-0.008420716660714641;0.5605723244214922;-1.0315023944531934;-2.304893628247055;0.9074888664159559;1.3630204433228454;-1.4149444234647173;-0.014412622888763934;-0.4778545089256976;0.4669624576389587;0.5204888565896053;1.161205245023883;-0.3714236865590338;-0.4953723061641261
0.0196918258510518;-0.24632294540650934;-1.697138050510485;-0.9034150134803103;0.4349043014576289;1.1765002899815575;-1.8412472493045675;-0.189512093879814;-0.28850443210551513;1.9004139371349744;1.1969519209433106;1.886374887484455;-0.6264763393930398;-0.4745643031769967
0.009889706766718409;-1.3169320254873231;-2.5188785295124627;-0.7172726014692503;0.4349730733189623;0.6339983497534873;-0.8186979506334118;-0.06438464565104893;0.6121134048235662;2.044639238789345;0.28542769497175174;1.4586338548574749;-0.5844099463319603;-2.0431019504364536
-0.0027524088302481897;-4.497332571798381;0.8118148096761468;-1.2795550863911034;-0.00481782377325633;0.9464917161192838;-2.19906588974693;-0.11276437339386779;0.5449465736028475;0.4541272187510601;-0.41082386938522114;-0.7602768624204015;0.7403714417720195;-1.7095675309552592
0.0202863281140402;1.5233297231775849;-0.17945590087703134;-0.8752143512683962;2.4681120995991597;-2.249326389594043;-0.29553712100376567;-0.5573157863726498;0.10322089943448644;1.2248002531362878;0.7427942309686761;0.9568045808386334;-0.9289084905629177;-0.39090097523252015
0.00390124029411265;-0.12806211711625773;0.7281945769875339;-0.5363095571179647;1.3739424049485545;-1.4242977340450773;-0.8225237462921087;-0.22434506981637198;1.0651677561266333;0.7165790830264981;1.2626290173174013;0.9822323384745473;-1.646628305255167;0.14263039136328726
-0.0104102723143258;-4.080791928397649;0.9939290136664861;-1.2359743817123876;-0.31224889448751225;0.15867914089837912;0.37162517559747005;0.5069780586307961;0.7218571064680782;0.4095494623240411;1.4736025670803623;1.2904493892782873;-1.4319590653622294;0.8996938448203988
-0.0196583795020698;1.1552641916358255;5.298217143150156;-1.5113908462843073;0.6509230009651144;-1.168253115625847;0.7541749154780059;0.7457119416826095;-0.2179284381164364;0.9188145239495031;2.4377645459067017;0.282823841839241;-1.6209619095526344;1.3925145168896536
0.0101595509991087;0.5044523139478365;0.29362782468360915;0.0635139141469106;-0.19844005594149594;-0.7063014749554255;1.9067295897810335;0.6245375816301185;0.8979980469699117;1.6770818583182892;2.303007804396708;-1.9252575955475453;0.10910683620393377;1.7380466958082492
-0.00290119907071174;0.537083405374513;0.12539456286564957;0.07679172019580281;-0.9733515234766138;0.36545285897512575;1.75226842644258;0.5810446727557355;-0.33489106020602116;0.11204320864465851;1.206828620711459;0.03489329646172328;-1.1760292559054084;1.6051989774644235
-0.00774282738355758;-0.2845149558653785;-2.3153662900238663;-0.0648449461656802;-1.0132385234284866;0.9375881050079793;1.9880476826719728;0.7793877721416543;0.9940907466073019;2.2005937927569765;0.5275923903248941;-0.2558742844719048;-0.8813165967793974;1.0921143647735712
0.0167322496757694;-0.6480927903278243;-0.24314489423395294;0.4774158924091567;-1.5441429948432592;1.7084226412857382;0.18699390867033922;0.12656185716443505;0.5981784710077106;1.0195843938711135;-0.9191825644713817;-0.4057969718945417;-0.49774892098570184;0.4202191052350367
-0.00027339239631751804;0.27387932255247;-0.49637133930160626;-0.13180654530584973;-0.9930788995092081;1.2688017371294402;1.094991233085956;0.22727094360793706;0.7603756582278366;0.46861097106909555;-1.1942126925138672;-0.2241310712486985;-0.993564908962135;0.45878081631927964
-0.0053592796168103795;-0.7326312738606532;-2.7531066974735676;0.35295493318151044;-0.4886488542180526;0.6993811592631971;0.5058659804648735;0.08732063099281918;0.46396967918156656;2.251409386176109;-1.6429955818845936;-0.4698064903185084;0.2777323937877152;-0.032377900698572736
0.00543559645840586;1.385237648553233;0.9231786715164104;-0.1013984748012502;-0.15703698846356196;0.25989827733751997;0.4157227683548652;0.08344877662317123;-0.4717240522061091;1.678322067842542;-1.5395257658884631;1.5904426610602167;-2.1091915105322983;-0.8379916309525017
0.0135854261188894;-0.939381825970514;2.1750494122233652;-0.0716188043836825;-0.9508764511628711;0.8268761224387634;-0.1694633483129267;0.09207559043721307;0.08933674445420758;0.2007396760871348;-1.504394288782703;0.5319497665916116;-2.3188356944268445;0.9789858891465919
0.00237419314098031;-0.8062372630143103;0.18873704816697645;-0.4624325411204989;-0.3626661291265123;0.21672577318487146;0.6376324807286443;0.6219579327682464;-0.07418575487420215;1.5858205313874159;-0.9184171918514182;1.1826246610425288;-2.4605261534493583;1.0440033129084443
0.0019116020450274899;-0.10187154761015985;1.580729986103931;-0.2429920967685337;-0.22559771432569603;-0.19900923073351628;0.5023675285957814;0.16741194624727146;0.15056050304117585;-0.3342120960846182;-1.3957947963359216;-2.09104219275192;-0.8626396616633651;0.8253395417509684
-8.56694024752302e-05;0.10332737238524335;1.0039241946001947;-0.016783077339450902;0.09945793147560845;-0.3416364216962845;0.004383426767001671;-0.04202118134872621;0.46187839551716897;0.22856839791711903;-0.9313866662291084;-2.1803829875793714;0.9875258615509502;1.5087720844768664
-0.0012832087940740599;0.9494340440493257;1.3564661939409577;-0.3676465590702557;0.16574779429033407;-0.11751287774354563;-0.21185005905777354;0.02320014301502165;0.418219958764234;-0.714374333897417;-0.28528354031903247;-2.6702223455772076;0.7681683058229943;0.9461071090920957
-0.00355786199929986;1.292941594818416;2.721802069392648;-0.49427328073077426;-0.0674658469446753;-0.040020503111068216;-0.15143017649472235;0.6073795315780925;0.776820282377574;1.1859704488400873;0.5530646201154247;-1.7296875594081254;1.0420128908043826;0.32673289915557924
0.0043414906908829706;0.10595678365777571;1.9984307107704933;0.6757353071501658;0.029311477638528937;-0.3037760973423725;-1.7882715836473133;0.09592100116961902;0.901424446878399;2.3620127958597914;-0.10755514844244694;-1.6300830789116973;1.1343287816595096;0.4955026789035531
-0.0136222127665158;-0.6034558152002322;0.5082582631835529;-0.17566110620668515;0.04213310665451674;0.1785954441205574;-0.7420512180814698;-0.10825118545628488;0.8668994524763439;-0.08059118749006358;-0.3238088764652781;-1.9910405769434238;-0.16922535718823092;0.556512866118238
-0.009523338709940491;-0.2103770040174107;0.046845091456974505;0.0034377070680036695;-0.026029154811628635;0.15353740329652094;-0.43219737178791556;0.035942536688878785;0.9210894514398228;0.24126789982231978;-0.03849973110709675;-0.4559581057915155;-0.4922889287552924;-0.10717487226334076
-0.0173270582302802;0.4280727203498903;0.21111390549820183;-0.6774717412515767;-0.36860432012220673;-0.0051291193740342226;0.6848812332317188;0.9120047737757048;-0.729684370402207;-1.6253687438468092;0.8205525374411508;-2.5268805283883538;-0.24699276346544258;1.0045311188080173
-0.0136537009144697;-1.4391393904291043;-2.65089999549312;0.3876280208813191;-0.5779473606346687;-0.06526681316241932;0.8544145893977428;0.5005972934264509;0.3910821195933792;-0.11491340345100372;-0.764692994395791;-2.132535237800026;0.03268223714986738;0.06257886058697108
-0.00849682976682109;-0.09686966767305218;-1.1364399799529903;-0.2026246815722124;-0.582232822087458;0.1975460778957667;0.93659622977288;0.8738249658465159;-0.10840189142757771;0.6213186334798335;0.11172120899281313;-0.5405727149908203;-0.8412839198841314;-0.3907126607017581
-0.00375668857805511;-0.6456393000722859;-0.6320091463678889;-0.054720934981381524;-0.2701485616282902;1.5574420278902508;0.08749447444329835;-1.4736368918919796;2.5987801215745487;-0.29057372413140664;-0.41376382343657225;-1.8198306977682164;0.2189986391715965;-1.501981471301377
-0.00819491302349673;0.7973242852233348;1.6016855381551662;-0.6533155293924962;-0.07992016370796816;0.7262814714098708;-0.5710747922755538;0.0739680285342396;0.5983800441770893;0.795652628949349;-0.3721956508621312;-0.643845547332938;0.47113417054095;-0.3302627199025452
-0.00463761060851386;0.13063198631538078;-1.0143041687216283;-0.5229027974942753;-0.1079149096549571;0.44537820384757465;0.4828823223687175;0.34929995284292764;0.23274704911789026;1.0097616345530132;-0.5388410077977093;-1.1941532501141143;-0.3794014731424829;0.6992902926341524
-0.0157004181426238;1.100208850749296;-0.21670964038697646;-0.8552849835046596;0.27909816914781427;0.019250871867371802;1.0750747508688137;0.33343850751476145;-0.4788197171121781;1.2732706938478389;-0.48671004210300517;0.4877181059967529;-1.972623728558172;0.3038436710203591
0.00136761655070106;1.43948590037153;0.53617771917237;-0.7318588644718975;0.21368201443114124;0.4902740637951896;-0.469170678970496;0.10505279439530715;0.1877149831892288;0.6929919040816056;0.23289461597138944;-1.4860479785644944;0.3117205469102621;0.7807624680394945
-0.012033245162947;1.0363088684752602;-0.3527110663543792;-0.875513915862403;0.09704619070936282;0.14628438229906837;0.8261703265767235;0.5682263767883176;-0.7387788746394937;1.264757156957835;-0.7173280743289527;-0.40294244349533714;-0.9217615731896392;0.055961909994553485
-0.0242766607047257;0.4200626344599252;0.9674597171853974;-1.3962243812727033;-0.07496313298462752;0.3414895470910119;0.6123363568817224;0.5346641707032835;-2.0450877290457243;-0.29013877455415554;-0.8389642405068166;1.016845124514577;-1.497542235560333;0.5572696679809362
0.0047231650656138794;0.015117588160024028;1.3851450059208557;-0.2471358222251573;-0.09014427834566884;-0.2581991580738454;-0.25901104225651256;0.53886215749129;-0.8608530293984142;1.386754548204497;-0.3417238349712615;-0.019513187358120205;-0.07974932158881251;-0.004358679560660975
-0.005095855805944289;-0.018370349545292205;0.40624116090042683;-0.4251599414232587;0.11086016162041043;-0.035431521249689416;0.19795075891650518;0.12159083798274618;0.3206599257642648;0.6216533183307799;0.11697184542286604;-0.7772349574184754;-0.002831257254670634;-0.2613352663563597
0.00225858356740405;-0.5482919629879937;-1.1785101680409305;-1.3445590082768764;0.035123326192497015;0.5092636396055173;1.401634999932039;0.2819173162006526;0.22114061787935083;-0.42707133980538853;-0.3441209898246274;-1.4258770541997072;-0.7212806237829588;1.053799664537217
-0.000218802294199127;-0.3722422622213722;-0.5993827796028833;-0.707075361714203;0.007169650379232849;-0.07004777377621095;1.0527890778138063;0.7752966469706837;0.23856474673636074;1.8169481685218327;1.046283005408639;-0.2867241949974233;0.6585875092521326;-1.9792118916262496
-0.0104636902489988;-0.4811492159413429;-0.1452183364053378;-1.2480858852492107;0.46456872910856994;0.014060317041678526;0.9472511970064528;-0.15239756727888676;0.034364607648111195;-0.8682181800970181;0.7924409804110946;-1.100238458981413;1.1068526952451316;-1.604543809326349
-0.0126716489853569;-0.368282409526673;0.569136427739483;-1.4948143012628572;0.6566756935344835;-0.05781349498960907;1.1258151119105084;-0.6264419829967995;-2.103307974837806;-0.796456865770084;0.5180661393073575;-0.9577351881444078;1.17859739405297;-0.8507211433811152
-0.00298815420940957;-1.0775868015580548;0.6013528147318257;-0.5196166452986738;0.5090515618505389;-0.718570373103163;-0.7495173759103871;0.8025512009468115;-1.2989951328637233;3.0121819671847083;1.5527311470443146;0.21188141059110263;0.7487886817565242;-1.0352211640934001
0.009695162763302291;-0.9344476946889333;-0.4031024564582943;0.25310573091340566;-0.05575870202833376;-1.0574850111849148;0.807291906714975;0.6824511878857235;0.14004981502367572;0.8675999203386191;2.9758202743036266;1.846962578530018;-0.5515607901271726;-0.38222200076705987
0.00696197252331043;-0.021473338321832736;0.384858756794192;-0.1753925138125446;-0.19633113056476462;-0.2726404395458716;1.1852781447963954;0.4557532387042796;0.9277861703936452;0.8300737028524875;2.557173327336354;-0.17286720168407663;-0.1995377410719088;-0.9155214233476769
-0.00550150971175323;-0.5491354277997674;1.136182984359108;-0.4280554309429427;-0.48867595107563966;0.039057940326613236;1.8503750538798303;0.34776309985293535;-0.32759699848359514;1.0792399430231716;1.5707763234652103;-1.6880328598548986;0.6660191096764917;-1.1346832495871215
-0.013153699575040001;-1.0197935210133449;-0.09090889890815448;-0.221994235889233;-0.2631952806969906;-0.6185491976580288;1.5002086111822601;1.0833289674159052;-0.175444555467918;1.9142995436306753;1.3256685089924214;-0.46929950642363605;0.36852086455825905;0.706713764856949
0.0059056645096846605;-0.4522345102429325;-0.23761758115995693;0.07637543816334369;-0.40535775039559246;0.062489932543640506;1.022688101196119;0.21490144109523168;1.1411769118189596;-0.02046003729847044;1.596937062582865;0.15054424196734306;-0.2744476866326273;-0.7414865394795978
-0.0030812702821756397;0.09879465646477104;1.5940267530755023;-0.44860562066363996;-0.3187995957737758;0.1611379109645873;0.743578708508704;0.28931996599465637;0.21196794043755193;-0.24399648026056095;0.8671902817613025;-0.994347169571591;0.703751399403932;-0.7873838177293504
-0.008480932202917459;-0.18954455618742536;-0.30413391148901237;0.029183552702865753;-0.07515792644114946;-0.14408527467141988;0.6135838597138868;0.4111381718576906;0.596336288173409;0.8315966841461666;0.14974504957244375;1.434723683790174;-1.2235490358942078;0.45779813665215735
0.00483369501754538;0.49729469628333284;1.0431672339421265;-0.06735280196816404;-0.27197220872414835;0.269791409330688;-0.44715552601479547;0.3606603267742052;0.26240739719413364;0.2563016005753756;-0.054445533313807803;1.0524379875519223;-0.9864465352028992;0.29591306517156474
0.00203534107815528;0.4453962301246771;0.6728587683041438;-0.23384323927109277;0.06460370798960502;-0.08309324882268404;0.463761716134558;0.22485067406498788;0.4515356360497351;1.3500851135039111;-0.8666505988391772;-1.3298557418678116;0.1305014187643808;0.45486330403577613
0.00781745583601412;0.6165343883506623;0.8757713091055745;0.38219686352040566;-0.06032263940449458;-0.24500713401728474;0.0016426519045563642;0.08208735578873373;0.3427053863710261;0.8880706971225176;-0.6531841050838686;0.12431444321610034;-0.9576736646815992;1.2382516024559964
0.0104843425590222;0.12644202192667353;0.03465349382298637;0.19717371253617413;-0.45968255906925637;0.09577929734312902;0.4996289290750321;0.3860616493655542;0.6542717097804603;-0.3380414542084208;-0.06712430861592757;-0.0745414772474597;-1.3084614092072797;0.9244380230526043
0.0138895536677476;-0.3363728829047779;-1.0242685225757;0.5885728806303873;-0.2461442146654112;0.18446089619527917;-0.5838202451092135;0.06374153598197888;1.0985793733885636;0.7130220104073066;-0.5477622218199629;0.002634848362279305;-0.03376578562226701;0.4858814787377505
-0.00580906703767947;-0.18835830774372286;-2.1599719611323724;0.5527803276212653;-0.1545764021128904;0.17048711454735377;0.5756098748135755;-0.35564996386336317;1.6950115714665166;0.37300299563937694;-1.0932641845555024;-1.5746847288531423;-0.6598364551377632;0.09254442905911436
-0.006804177311247829;0.4872641387082965;-0.4461525913281552;-0.5494402807044888;-0.3390168951068922;0.518908517321936;0.7720943218090726;0.5053313030620887;0.20565536458423364;0.2713736728282074;-0.9220271547135809;-1.893492270679549;-0.26966217868151243;0.12456416481552071
0.009041635021229571;0.6539327368308218;-0.9460980899884283;0.5134172990171383;-0.25803535459157867;-0.005515633791072414;0.44530416407668433;0.037135999028280374;1.4840175502754527;-0.006903048195192145;-1.0677505989955949;-0.3565044774502392;-0.22524849359962426;-0.4545146729938717
0.00408472476354937;1.3008795526045918;0.9505306136090599;-0.011433407840099313;-0.21153800995092403;0.09954465551380536;-0.19302252387457103;0.39524304563996737;0.3879667505933428;0.4092944625448497;-1.154946174122974;-0.22962079840102612;-0.3875924883234208;-1.4132312716391897
-0.00249181529097275;1.0232924759583863;1.966861704880025;-0.3827309168777362;-0.2851983688282236;-0.16035992781172131;-0.15816554738398733;0.894574216302683;-0.969631239422028;0.22596796046843456;-0.4932944741311941;-0.9950248268366987;1.0375335940948418;-1.2996398759442132
0.0129875250521366;0.0531337958571889;0.6200028967957579;0.2090262516429262;-0.48204319275400676;-0.45371204719970826;0.09018768479788479;0.9967007218977508;0.13720146903183228;0.2421810805646955;-0.3126390038271887;0.7209627568174507;-0.6209160373509256;-0.1738010164012289
0.00331807632487136;0.45487659915429096;0.9664336582204052;0.1830974554861063;-0.45001890444185044;-0.4627359313678785;0.47065221829778026;0.7577092025675018;0.1257836951306977;0.35330136733380185;-0.49933688121570696;0.506189155376253;-0.40576993627348734;-0.4008275135853743
0.00354468733287028;-0.5686102616844391;-0.13924865028014358;0.028173504482944804;-0.8347189401735046;-0.4179576463103969;1.4662131905810598;1.1127311773440212;-0.913292529876911;0.08571327286579325;-0.4939890418063268;0.3542499620290207;-0.5692808551936361;-0.32426458465718777
0.0183289860719585;-0.9996826143073297;-1.867060147848324;0.3276059731064766;-0.7953505576003256;-0.4103697629631515;1.761873522687704;1.0229364572478878;1.218123039387699;-0.6926038217502245;-0.6485342114478463;0.07939076151538936;-0.48201577981002236;0.30614138382776346
0.0101028168561651;0.05943903363436156;-0.12273029752524464;0.3923509558611984;-0.2960616095377719;-0.010749386470312709;0.06443038339677219;0.06558050784956641;1.6099396595901647;0.13779533797302707;-1.2216910461220793;0.29085941192122544;0.07488321724923276;-0.4338867944727322
-0.0012484299047808;0.44185126310853706;0.9781195895114079;-0.3944061257669808;-0.9243739765492697;-0.2162249383063564;0.7791934317983795;1.8585570990284874;-0.4431864648721808;-0.48392585957843565;-0.4188159007790881;0.051291201829078176;-0.5936798005833114;-0.5648518036720107
0.0126551822009701;-0.16001648185709016;-0.493749410432933;0.40346338980062;-0.9337208521068692;-0.502749109424093;0.7067947538048907;1.683068684076135;0.5306036323936493;-0.40525739992728493;-0.14080206828143238;1.3509146094706639;-1.0749211517851625;-1.0458413018159232
0.00549763529570246;-0.19916019351310285;-0.31967311960057554;0.9728090614244332;-0.8284792691813034;-0.49126247022256386;0.26560251695728293;1.0268976449254064;1.110148501995519;0.4777366734563394;-1.111135545833569;0.3990684210709479;-0.16559863040356138;-1.0454308281549796
0.0103944332555636;0.6696596379076838;1.0516476386115454;0.46407135514011416;-1.212951726577118;-0.6622249478465764;-0.41245694789975457;2.6720120989594123;0.4104001332007171;-1.2594750911619579;0.5105673078327604;1.1737148600428668;-0.23405578170709468;-1.3547482782634126
0.0287277473303721;0.5749687647676356;0.7922311174800182;0.4856510564925756;-0.9805554347140455;0.20130823930342231;0.7840051147497993;0.7318549509372786;1.7324974799476647;-0.9623045644373912;-0.34256640959071;0.5156137478104984;-0.9304144029050541;-1.3112319212182288
0.0136023664506547;0.415083458544188;0.730263289199991;1.1066574699594005;-1.133399226248992;-0.7965235351017689;0.6097096499486045;1.8037615714857524;-0.15483551099576;1.159198786061979;-0.9308095999026123;0.8405597493603052;-0.1911798397415345;-1.223953820810658
0.00373869515399305;-0.1288151920727343;-0.050497057070532;0.9489658786315289;-0.9256998429321106;-1.187754896332487;0.1150713273214644;2.101137800866516;-0.6961136832937932;0.4238442624524183;-1.8087707986003272;0.32952008861371646;-0.0035962892788089043;-0.21469711415896134
-0.00669713564154606;0.32274682893709356;0.8674806412543749;0.38163674670822834;0.07690243303245706;-0.5149825763260806;1.0376850802616244;-0.594706185428791;1.3474756206628977;-0.6565785958506155;-1.9940966809665317;0.5660340448965782;-1.3039206665947298;0.010108244853325463
0.009354651219734;-0.18285600259779555;1.0733936525966992;0.2509937099699808;-0.7674578513693149;-0.2884406707818689;0.3438781980411401;1.2465267306731485;1.4230629284023186;-1.018031383826437;-1.132718243493868;-1.2529750883452402;0.694884033961718;-0.6749460720215542
0.0140398609117611;-0.17577049536728204;-0.6910713079419596;0.709081538142452;-0.7544582657662372;-1.7291547088715817;-0.9651822823788372;3.2911646330458453;-0.574917260114044;-1.0583640342176672;-0.7093304600298528;0.18464174533898914;-0.0937571619225124;0.265708238473438
0.0157349602582377;-0.7078705571918844;-1.289085879393348;-0.017598374997935647;-0.6084327840847094;-0.9602899360153692;0.8180330920487632;2.0218033770613597;-0.454797539064205;-1.399686697102878;-1.4592673575709765;0.44061954768744976;-0.7472624397185632;0.1604494942880039
0.0135133202698611;-0.14545769437600267;-0.7484756804635053;0.18156467058713266;-0.3427956037007567;-0.5536424933136878;1.37753116619094;0.5315023765973682;0.38367129985956056;-1.216559927521045;-1.4369197967418899;-0.2233859898201948;-0.10437241042105246;-0.14470530902580744
-0.0020344380343106897;0.31350105717838506;-0.4896279272754117;-0.03466686677017605;-0.32354788976894605;-0.3493069856243698;0.8429002510758191;1.335549157192359;1.7790989850467789;-1.7756603674427083;-0.46735578014668283;-0.3994680578248873;-0.059847934650193634;-0.5970112759108045
0.0030091651214569897;0.3348115852156384;-0.6597878451606175;-0.7871829582942207;-0.27045704942055493;-0.08719172903083766;0.3433977638004394;1.5351726288530798;0.3790850846056888;-0.7204647206827981;-1.0571706950594295;1.1861569127911367;0.09792758819840501;-0.04583134664244121
0.0058034670645053;0.7816018722173393;0.7578831950786175;-0.08954672688703709;-0.29087901104369374;-0.29657924785742457;0.12692670027943553;0.4418714757528991;0.27360884636707655;-1.53503896656201;-0.5608151795174714;1.4847614160587086;-1.3186126753491223;-1.9782805626981228
0.00839186674987347;0.9395432714240926;0.7430544390312889;-0.09495885348416402;0.1111582929020832;-0.4416286284534102;-0.19602843414685434;0.22800009723269865;-1.2553213838666255;-0.4287759896469866;-0.894810856310461;1.9570640332632154;0.6756435428354619;-0.3348763074617477
0.0169217016681991;0.4869618683970555;0.7563990164128845;0.07859080592164183;0.8626558607111797;0.32070498540762665;1.394423784197091;-2.9518743509518646;1.1962906140402971;1.0095878244377199;-2.044459580969189;1.7388382433239564;-0.5510776413577468;0.8127694018686352
-0.0156338358659556;-1.2766834618115503;0.8524784961930939;-0.7650174395953632;0.4330465860442583;0.5456252317363197;2.3719652382186216;-1.789053401534027;0.26975076426462846;3.1540108706764234;-2.3849262738761787;0.5541391283237613;1.5673862774877683;1.6283666553081568
0.0108886907680493;-2.265631509289084;-0.8521024524193639;-0.23040899761011685;0.9126543571870787;-0.880055727868609;0.8005897638368863;-1.0662855072788646;0.23350655621356955;0.6294230422137892;-0.7679255872624325;2.3087402287319585;0.9868886467836712;1.6524965587190208
0.0280847801080102;-0.3979818871534898;0.5293253884525202;0.6735404972744534;1.9820187942425358;-1.3800841751133843;0.10512808014679002;-2.5486666661086637;1.5062655860972314;0.5725893449006411;-1.0679373861237729;0.912787336584839;1.2889889595748094;1.2389142915381832
0.0165663071084621;-1.8265490839222998;0.1193634676365271;0.8444841357869765;0.853951073484594;-1.7438214061644646;0.3658910586725908;-0.7624204557227005;1.244441757256062;3.0240386395624506;0.3061119075198125;0.7851084158701791;2.0026986722413387;-0.43192408150789846
0.0245458483031162;-0.7378406695763957;-0.7728264803026956;0.7979582819894152;0.5483855646471217;-2.073656335123986;0.7350631616175675;0.36953100752273776;1.6826222852501433;-0.49103003039125903;1.8758678281147092;1.7361978848903648;0.6359448386276141;0.14236035401147362
0.001072597217743;-0.02918122768762808;-0.06134651039153724;-0.44148850103226334;0.5882619514583077;-0.32918579472440546;1.9258776380698739;-1.344704538755142;2.411902487581455;-2.4440611932343717;1.4561624165350509;-0.23227857511814817;0.8773798341375408;-0.9176425863889888
0.00850021824615166;1.1028426824709554;1.9317403056830489;-0.12546371543922152;1.3330283930643685;0.4434919363937013;2.3692076426714683;-4.170607404439672;3.8877866926638864;-0.27632605696516405;-0.4473768182980732;-0.05369481077662758;0.7555303316470621;-1.1059301380096909
0.019214733742999;-0.14521421562600706;0.49587725839510643;-0.03045080322185357;0.648093448314389;-0.6253141672584408;-0.587025742565561;-0.41412395105761063;0.8441503810286132;-0.2855818844419554;-0.4502338551255807;1.4699857626235107;1.2693258192139867;0.5322162876674059
0.0018370658241906302;-0.15919571652989206;0.1459245014609319;-0.8429357471737541;0.7264257407075468;-0.2312482653250486;0.4319681055696115;-0.5679923560526171;1.6761314159975358;-2.5237151300307623;0.27195008068195015;1.3064037508442654;2.9008774860795525;0.7645075617140495
0.00596117555132014;0.25039024983463004;0.6605256667524794;0.6712865890438622;0.17734300247673698;-2.243473171532702;0.2255635147009248;1.8420323307101811;-0.6479526664118378;2.082579956113681;-0.0678092290277684;-0.44815262224055713;3.137665452801137;1.0838633105067512
0.0029040596273164397;-1.0556357550178046;-1.4664465580421995;-0.05047618229205128;-0.050233703078782076;-1.232250169128594;0.2184447571938335;1.7937313703251714;0.3944399492967412;-1.0794118820489162;0.3288457616971499;0.8548074152720646;1.3011317626589705;1.1739783131960408
0.00876057157026278;-0.08377219862703775;-0.1332004283888507;0.147384548470999;-0.08885271616204973;-0.5255753773610303;-1.5436012405023565;1.2366089493666317;1.478476261815213;-0.7394770294649831;0.3145433229987543;-0.20638304580500802;2.4685988246680535;0.4831304869231145
-0.00855993959210666;0.4004208948289068;0.6165438583971974;-1.3165909557676116;-0.18786687362282284;0.05431377090558185;-0.9281861319185315;2.015553444859594;-0.3416214126606008;-1.3133721761220385;0.27441162222946697;0.4719286748872472;1.5769618719425023;0.6182542739920628
-0.00915316919646147;-0.5490767081408969;-1.3107214997913565;-1.108847731110743;0.16811121459731518;1.0434119022931558;-0.31468168216641107;0.010317770463278513;0.5068499437137264;-0.5924862657504332;-1.2896497205558155;1.6289990040684827;0.3414075582300166;1.3279393280218512
0.0123860076802103;1.1399027794614505;0.804959215193095;-0.331462151539199;0.5539081595017257;0.3511702353027672;-0.8203643551749513;-0.5639492743444346;1.4226198409317938;-0.21877897561222837;-0.9939723627950476;1.6119157472162347;1.9251270281726018;0.07628850850011021
-0.00791302361774637;1.0862995009132905;0.4482632731088405;-1.0388617216681426;0.0850537877104235;-0.13286389282545488;-0.8230972634690158;1.533072525360307;0.7841505699683426;-2.182403041224792;-0.01655148084042786;0.007010581579458729;1.1827313791346588;-0.2352646959292037
0.0026679714769167803;0.7378848726403902;-0.13934405868686872;-0.589336041106157;0.4038890525258582;-0.05717334226739878;-1.4155351531352969;0.8177682685924034;2.046803336217503;-0.5259928375089798;0.3244872041852849;1.0191484000902966;0.6721677616049857;-0.5282372865647887
-0.0018992547099181399;0.7676203615999706;0.40793051245628703;-0.7009216575160506;0.5067096218354797;0.3606885029072908;-0.8191253716897366;-0.2670773857513315;1.276619394080046;0.2009731082921233;-1.8974959449510969;1.6491473627209374;0.08834917697540885;0.674163679365899
-0.0191856725254099;0.7822468261605203;0.014186119872444966;-2.1805496909836752;0.40087789309374966;0.379150584975054;-0.4363744520399546;1.1069860228888322;-1.3072427688836485;-3.1840285719481;-1.8198975184160895;2.729706614098574;0.9225181389823414;3.46062923261703
-0.00978925277435505;0.40917966198517575;-0.5150535587962676;-1.1605526450839678;0.49395307998376764;0.694181332263157;-1.2620209633518107;0.44898933986444683;2.3086604349212085;-0.0527772410665234;-0.5525922364153806;2.656780772161277;1.4179719271067;-0.6450003959093235
-0.008347643756369759;0.8626495356279426;-0.027741388270559178;-0.22600953846069208;0.26589182347185847;-0.03552254139752489;-2.349863669682525;1.1636068476298795;1.2186737416542213;0.21660369919571462;-1.3334577094540427;1.1203896271007898;1.4637525729183054;0.038152138281553734
-0.0147061200578575;-0.1789772238274264;-1.0808993330110672;-0.9213790158421036;0.3092778802135061;0.428727508858709;-0.025089795419166148;0.1271905929920736;0.3844809270114865;-0.49730596527968357;-1.0740806733076882;0.12639134929477797;1.8716406023978487;-1.5091946037670683
-0.0135961153498328;0.6110770844090999;0.45775454409180816;-1.0482950728462515;0.16622302293166827;-0.020107684903776575;0.8970837046281129;0.3420459665913921;-0.02241682561843501;-0.21252959666600565;-0.52148142696966;0.5063475819968235;0.5817547625519827;-1.2766679745957563
0.026408831898832995;0.39476062843820886;0.6155813373505952;1.2265094014131834;0.11741747804156245;-1.4770750771892092;-3.218120545325613;1.9702130159766524;0.48115935687320843;3.468461443656029;-1.41384297012224;0.5845083331609014;2.0531353534112458;-0.8664910522013128
-0.00440759116062517;0.07952276396563714;-0.09845822743430742;-1.1522390434927992;-0.055771316389785906;-0.1119707510920555;0.7579940139384336;1.2523667127724847;-0.2807576809155646;-0.1926602696651982;-0.5330577459724638;0.6236650825834291;0.5173818682175626;0.08226966937720132
0.00529654560095327;-0.6434564313944977;-0.4648026894531306;-1.1631133666143312;-0.6779064190005616;-0.5057988762150415;1.7741030128440567;2.3252495701963904;-1.1767238373719437;-1.4564337086885908;0.41390717690539885;-0.33130860957173563;1.337845806200256;-0.4871020447857834
-0.00112021419694974;-0.5517648302414204;0.14167661290223205;-0.44759704097141517;-0.2537573150312699;-0.14635142420972097;1.7265365657370346;0.320259435951924;0.381131344251869;-0.026715664221019758;0.02980551212250737;-0.10685070089335547;1.5127691697730468;-2.3129130649650946
-0.0231817441249571;-0.8572111517095626;0.8265472590015871;-1.9575389740969482;-0.4686366550856647;0.8929286817592439;1.629623590595213;0.594046196321104;-1.1085466896660654;-1.641144951379964;-0.5311626445243044;-0.28448210152678066;1.346955455928335;-0.9394872304704535
0.0059930147300397705;-1.410346649477178;0.9965652361538202;-1.322522169995718;0.1211239975765975;1.6622119589052815;3.3236960341526434;-3.117458698278568;0.8046818888867951;-0.9410035100850705;-0.13684031747339975;0.475384922919445;0.46880463826672214;-1.5590253485082277
-0.0137230377502034;-1.0138626626075222;-0.6460167539255731;-1.7113138325617325;0.1728307662386755;-0.26069555994118526;2.0897771568523646;0.8480299802862047;-3.1471834380138652;0.5415461718280877;0.8059822239368607;0.6827064675647723;3.7028632893454905;0.7025008106022949
-0.017575396666066;-0.17696128673500564;0.01082287655936734;-2.388216401771523;1.7736073507795695;1.2199667234575302;3.015010947735309;-2.309981672852724;-3.3118941795792685;-0.24236869266855623;0.09089756810840277;2.1372337522479166;1.3553160710879097;1.9441963210593756
0.060373150191407994;-1.1364039964716512;1.0709956127284948;6.215057347603479;9.6264653427678;6.231998539857023;1.7221666046007194;4.545987840594491;-0.5864138100381731;-0.7559229005468079;0.11718934760194011;-0.2053187334504522;-0.25738616306968176;-0.12227365883890479
