# max_attributes; 10
# description; Stock and Watson 2012: US indicators;;;;;;;;;;;;;;;;;;;;;;;;;;;;;;;;;;;;;;;;;;;;;;;;;;;;;;;;;;;;;;;;;;;;;;;;;;;;;;;;;;;;;;;;;;;;;;;;;;;;;;;;;;
# number_predictions; 100
# predict; PMCP
# lag_parameter; 4
# horizon; 1
# name_prefix; us_data_stock_watson_2012;;;;;;;;;;;;;;;;;;;;;;;;;;;;;;;;;;;;;;;;;;;;;;;;;;;;;;;;;;;;;;;;;;;;;;;;;;;;;;;;;;;;;;;;;;;;;;;;;;;;;;;;;;
# method; dm_PCA(copy=True, iterated_power='auto', n_components=9, random_state=None, svd_solver='auto', tol=0.0, whiten=False)
# prediction_type; rolling
PMCP;0;1;2;3;4;5;6;7;8
0.0176297747306562;-0.17791153273395208;-0.24853299712517787;-0.17455262204152833;0.023612411696068925;-0.04847713932828933;0.3003989332317019;-0.22649082839839899;0.13458154227758312;0.07727012682993921
-0.0739471106758089;0.5090384685556295;-0.14330473713935007;-0.07328056142305499;-0.17997982713888974;0.2833019381996885;-0.19806119427133692;-0.022277346101279502;0.07321775960712196;-0.10779793744503376
0.0426052889324191;0.1365930829489297;-0.1254930104744686;0.13351303590391858;0.08423181819088164;0.03759157900948932;-0.1896344181815151;0.04710686351033959;-0.012492036180351855;-0.12845174461163514
-0.0479921645445632;-0.11033030141809828;-0.06978743683386807;-0.05830597607872869;0.15133280257962087;-0.07824888672532505;0.1931755880461893;-0.1963522524927691;-0.11481127563870439;0.14925360738205745
-0.058765915768854;0.497196329105034;-0.019200439551913386;-0.08038370478005719;-0.155702400559555;0.026537275563594656;-0.08478071525042494;-0.05633697842734658;7.380399502052736e-05;-0.09254981546378677
-0.10333006856023598;0.139240099794777;0.15488054955741795;0.056283372310046265;0.12134016621453578;-0.07069034003513383;-0.035467941234205706;0.03007350841290694;0.009695757128288324;-0.07178038945165512
-0.0509304603330058;0.1822071025182445;0.118660596102009;0.020586282332873726;0.07066597822277833;-0.023555054245317016;-0.12190538648883446;0.06693977561451951;0.07269046564999108;0.06571368604686098
0.054358472086190004;-0.06179586774178539;0.08864768294159023;0.12193516366327933;0.06954231411859671;-0.04424791297364;-0.05214618754092411;0.07182504119756462;0.057666315341718836;0.0030032704748023556
0.0352595494613124;-0.5045758600324075;0.22904680972168176;0.009907527923047036;0.2757390964287646;-0.10796410082778807;0.019120790171621;0.06777607671316184;-0.127868831219151;-0.013081379397578074
0.0009794319294799132;-0.23349729630132454;0.0409982678500376;-0.03545360123532392;-0.08022025168062485;-0.02253642807419166;0.1864771727580204;0.0014224390194534436;-0.004791434125970558;0.14606782452515826
0.0328109696376111;-0.18947676965319096;-0.11875643592864307;0.013897935266912595;-0.10092029918654954;-0.006129002444892822;0.1397535015156462;-0.042924620711985335;-0.04180992911906428;-0.010598013934419476
0.0239960822722817;-0.014455099346290632;-0.16626572749201443;0.032450169603600414;-0.021344976472497244;0.0023549489605266673;0.07770798953972069;-0.09617353726172723;0.07606002701752788;-0.008021697683700504
-0.0553379040156714;0.25839479484723793;-0.10323351715612326;0.1348979155493168;-0.28162369151470645;0.13823789801694567;-0.060905986399193056;0.006757577899072901;-0.13905046983529856;-0.11251737508184634
-0.0617042115572968;0.13095515371805808;-0.03820966361178477;-0.04295143529664723;-0.01897037868041157;0.11227354182947409;-0.061134273863541005;-0.008886731960925;0.022780684127014523;-0.1134735296188816
-0.0313418217433883;-0.18777732764356292;0.0897080911229973;0.13184003909140204;0.017051889455351306;-0.013074692985664752;0.049011655729654414;-0.007490868785857941;0.040510613358137784;0.10214417990054875
0.0460333006856018;-0.017763812119723804;-0.05510715632078533;-0.042734027076253636;0.17368191269054178;-0.0495538532990941;-0.00168241180757631;-0.08570937567361595;0.1254885754116866;-0.12294962321426361
0.16209598432908998;-0.3193565539575699;0.09983015146104388;0.040349241386471564;-0.23209560917824054;-0.05082011790373103;0.016182623196961756;0.18290851940708902;-0.0721118737532434;0.09245912252557083
-0.0107737512242909;0.04078880035558495;-0.05509445031553887;0.018319354755261977;-0.03168839010152181;0.11209678811494632;-0.037997684777510685;-0.034151762386063926;-0.0041948013440668;-0.007010681152483813
0.141527913809991;-0.07259541170942553;-0.03187086730403054;-0.024243323176156798;0.00813888389474442;0.002542892934482629;-0.10957802336848098;0.012411658004177453;0.012012943734545145;-0.15621701489943499
-0.13124387855044198;-0.058220634829226806;0.01784284668663507;-0.0011693143517532462;0.020451772047705017;0.042147015109554466;0.10134221584269822;0.01223133030291036;0.03333288542164966;0.12849727487311607
0.0190989226248777;-0.047925228641430416;-0.12616158033806685;-0.12103642482984399;0.06704669806831916;-0.10228251782086763;0.08308610934769706;-0.050632366817415765;-0.12870613130492994;-0.0025796116507870756
0.0137120470127334;-0.20973058879742965;0.01743392128507198;0.03965700488929974;0.02455927054447252;-0.03304479345924183;0.08480972076485407;-0.0011906928479501469;0.025510289257759958;-0.009961118224084917
0.0954946131243879;-0.01327765806327796;-0.13905974252523948;-0.04317659470941154;-0.07001995158554726;-0.07430519930575406;0.045537176050014734;0.012069305181551656;-0.07138185150273416;0.07098503730535535
-0.0337904015670911;-0.08564062834406082;-0.13296019149435198;-0.0062867137461466395;0.0835287343493515;0.0063547318436520455;0.07431510372897616;-0.09619621780921855;-0.03173670022920573;-0.030565684994625333
0.0582761998041126;0.007072948441924534;-0.060386359977707624;0.01697403302979876;-0.17735245874768024;0.028168938579556338;-0.013083857996043209;0.03233116636436959;-0.07755662039850522;-0.008554069654159835
-0.0161606268364347;0.02220322286303141;-0.025221243576557605;-0.01759598533687778;-0.04905948474359622;0.09246214467097;-0.0037095964348459187;-0.025322311926017634;-0.017686094937715335;-0.08049291420025609
-0.0117531831537708;-0.1315689454363809;0.010289335116093765;0.0056354784396922255;-0.049563189867181084;0.15706797246524404;-0.1018451033811293;0.006052499325233093;-0.14066457095856458;-0.17743171791250523
0.177766895200783;-0.286586567466911;-0.18488562137909034;-0.15692299457099732;0.10371823084146917;-0.13727991747322363;0.08702471315995466;0.050221822840973075;0.04030811452419442;-0.14155227339025536
0.0303623898139085;0.23006248272811988;-0.2271068206684003;-0.10448836038223168;-0.06502603513341815;-0.0816125319258711;0.11574685368282171;-0.04806454433490206;0.05943885312884399;0.030983470178286333
-0.0773751224289917;0.11196099579465302;-0.16653425824840662;-0.18617106758060492;0.10503257266906707;0.012744270534775287;0.060729030609289726;0.010280079328230949;-0.004857627784568494;0.0762335971798022
-0.113124387855044;0.27609384299431505;-0.15587343851965607;0.052189110187728316;0.11318489669109799;-0.005804277808802301;0.04689839472922218;-0.08111482138834568;0.0071232329830578835;0.028936900833990236
-0.10333006856023401;0.31204832562077545;0.16459838496582505;0.24305951955154115;-0.1742117428526525;0.13738249051007048;-0.17703884645579177;-0.09952980288941514;-0.05533416147888671;-0.036561466288215376
-0.0876591576885411;0.13283500025315947;0.30388016918949073;-0.11070632815892703;-0.1650486253867594;0.18930611546426515;-0.1116810612363415;-0.058801786432756506;0.0561416084888189;-0.05630732763974707
0.175318315377082;-0.43525922214497825;0.16440744524778547;-0.07273603443694762;-0.05341264239315208;0.03859187546166658;-0.03324658094980718;0.14375466612372217;-0.01238803195771319;-0.019045807975355294
0.173849167482859;-0.21183851156949057;-0.04193412873927341;-0.03113985386538807;-0.03636736452623996;-0.08845387752266465;0.0769362409357753;0.13339151805546157;0.07664851377870774;0.06272200243739297
-0.0572967678746328;-0.04415101847846245;-0.1241833581042205;0.1899331813474235;0.08034942586072373;-0.021753971148826667;0.12515908447708102;-0.05612488720458226;0.09702387534048633;0.010713275408252624
-0.0945151811949063;-0.048694697750787136;-0.08119271763475455;0.04579904366917784;0.006164210215019719;0.06812772003539914;0.037201021790348864;0.005249797931690608;-0.08183012085429055;0.06908505549037093
0.0132223310479921;0.06026969421994657;0.0067669557833733894;0.08516280267380927;-0.13358098286862746;-0.0010821537438821924;-0.03488254618685457;0.003899255805930058;-0.09904178770297432;-0.08214395733486674
0.0161606268364349;-0.17985046167767033;0.022608288754521384;0.031716464236927346;0.059181213120531304;0.11950694477252345;-0.053334259849582705;-0.006010368539272873;0.10097083526110978;-0.19256491856869376
0.0930460333006851;-0.0974477486711391;-0.048271027160403365;3.7022568614836496e-05;-0.1633180833632516;0.0670359778642852;-0.013636237391435388;0.10963033188295174;-0.06762572585613863;0.0614183810255271
0.0142017629774736;0.035179377217582505;-0.13113099248714144;-0.1186948391676942;0.08044247009761593;-0.07451141292480087;0.06549138892275298;-0.0624776165930643;0.08075527096824149;-0.020441820280397986
0.0465230166503418;0.07851355981049093;-0.18294661355271766;-0.19486624143743764;0.062136321128861846;0.07378752455804304;-0.012369871468865411;0.07572363011869772;0.23915067594446526;0.02684782168502254
0.00391772771792398;0.07336600693432303;-0.0677764722354435;-0.08863027327310793;0.0797712327843375;-0.0724455843785145;0.0051047096693769755;0.015818655626416434;0.03352435067897005;0.06130546635386687
-0.129285014691479;0.4189031901373844;0.016199136213272413;0.09825215507309921;0.049819430620584054;-0.06444135899506051;-0.1425477506835737;0.06643509418658575;-0.12869264259132238;0.0925444805101726
0.021057786483839002;0.10147499602148767;0.3036308877952825;-0.14933786054784345;-0.04017737429047843;0.06601976071776011;-0.1684128504582589;0.12177974056917897;0.13713485535257122;-0.08871165857178186
-0.0763956904995103;0.05900968851226632;0.23201921828287772;0.17519018431951988;-0.01943197105255039;-0.017311747227184662;0.0004347397899760495;-0.011605994306669015;-0.0013683344211834494;0.12355361788652765
-0.0548481880509301;0.2659118275094212;0.2831188324974204;0.2545480117259523;-0.2071933065761172;-0.051989816263789054;-0.05365567857167027;0.05160118986068161;0.07480962620908319;0.12220401221588507
-0.018119490695396;-0.3699953518614189;0.3661335148991257;0.1379448161585247;0.11666972274974706;-0.1817098469170601;0.11348407070096406;-0.10659469675817043;-0.0037763545278669585;-0.054011196819105135
0.116552399608227;-0.290148055132055;0.09514676462870467;-0.05949014508029185;-0.1511600615362947;0.05058621209432221;0.0764505422170518;0.11949813860596861;0.09675646243094292;0.15264849798020555
-0.113614103819784;-0.004948089255817928;0.020289690836655366;0.09198350942088238;-0.011205657659388704;0.2305308211824893;-0.12457295826293988;0.07710846697539242;-0.0250158738882302;-0.042727701062045126
-0.13026444662096;0.0063081332726224;0.13438961648195433;0.2005714217974346;-0.05118572015849119;-0.007900034410632788;0.006817497253900207;-0.015078895627368328;-0.1553343362420359;-0.15998692632627345
0.27717923604309497;-0.4656711829041686;0.22036494576695811;-0.1707574467980831;-0.15708208614610056;-0.0907541901350713;0.10963326948057214;-0.15181269790289365;0.08843157175119293;-0.005708793937163237
-0.0602350636630753;0.014641496453537363;-0.17632257889504124;-0.13403387979187328;0.04759151250478078;0.01208371397114063;0.05500562017495951;0.04517620536442401;-0.05461926386597472;0.04599602695858132
-0.0318315377081297;-0.21470884999551543;0.022147521236341207;0.10348322608505073;-0.05597644419427634;0.12388337026927637;0.0007663364834424795;-0.016431711616134673;-0.05014284193512119;0.009134968510838276
0.0783545543584715;-0.4029731787358854;-0.14572671527534006;0.11650175459839167;0.05878156255040767;-0.11463201973169816;0.13667142967319557;0.01640683356642961;0.05443207377242118;0.02497255921513237
0.177277179236044;-0.15373539755017726;-0.316023793341785;-0.09707974994000432;-0.1403187734463014;-0.03125681188618673;0.003436031113513278;0.23860966536038025;0.0672721371907896;-0.0716633389808429
0.0220372184133203;0.19757953247801752;-0.3949183235809792;-0.05535246967276561;0.014293685376444588;-0.037360611684391275;-0.04937483982352084;-0.003871501433141853;0.053691780083782455;-0.05914235307198345
-0.0852105778648385;0.1447442444803501;-0.4428830670551866;0.03124746289243892;0.0711539642653497;0.10491687796585789;-0.0013011107264852342;0.08890083972695481;0.09421848419942667;0.1353916541678048
0.18070519098922602;-0.017823445387294346;-0.10059008686628514;-0.17640526044331703;0.3545994949344886;-0.39913193502226557;0.08037271497447816;-0.06846014799987844;-0.12995260361253272;-0.16983206016010394
-0.008814887365328209;0.287119620571281;-0.11053499804797537;0.009269742971663168;-0.09708993962424223;-0.04864487224904094;-0.19217630585141368;0.12486826480024799;0.0289246559153403;-0.000814981599224252
-0.0416258570029379;0.15510763229955735;-0.02083208910203889;-0.26890271929644244;0.06536103639968532;0.22831700627751295;-0.060881812194982746;-0.050777824403880754;0.1012858938827923;0.13123900938263208
-0.0827619980411369;0.3729738645529084;-0.11024511921085536;-0.30194893822822194;0.150893588457779;0.0026629796823121397;-0.045167334487529825;0.02364748578123469;-0.12743971730596731;0.019304494474751667
-0.225759059745347;0.9421761124406036;0.062051727258320144;0.14998106893480365;0.028864952773080856;-0.05677295438039288;-0.17790258787793164;-0.01593807909597373;-0.03557975694165919;0.07410660989776142
-0.332027424094025;0.62074618620869;0.6302749561559654;-0.005622965291039322;0.2411034339584752;0.10128234426379353;-0.3694299023110036;-0.020779059467737795;-8.392291127021406e-05;0.08107155511805501
-0.0568070519098928;-0.3606201964114008;0.5754474483807898;-0.08873886347236941;0.3101102727467442;0.1957511585374452;-0.138188389664577;-0.023877416147497724;0.06338866816412392;-0.02271088324954731
0.310479921645445;-0.6578773647137941;0.05965060853824574;0.02134749511716868;0.011052114646268308;0.016903105334225593;-0.03734025678695416;0.23680679366345736;-0.06365801348571577;-0.12410983014258989
0.0739471106758089;-0.2688651943983435;0.06335248121501144;0.0515825944704914;-0.066214465696087;-0.20417517169111155;0.2506462731077713;-0.04394730927911292;0.02745283378266513;0.1001364724708
0.0352595494613125;-0.3270476561859208;0.06344610912773165;0.0340530359509234;-0.10987339540312345;-0.07419517543229462;0.21402163810091593;-0.1307975170891296;-0.08331897050483035;0.02271936864693346
0.0798237022526929;-0.06206299753893155;-0.1238407507633287;-0.04004724893983625;-0.09509906421358261;0.013399825957967829;0.08824846955201708;-0.057048165354754606;0.15804672590328014;0.037499478278253166
-0.028893241919687;0.1100812230634536;-0.03006085286756827;0.15066390296045992;-0.16076389363323135;0.08703226176424093;-0.009550464688218789;-0.06945330842246589;0.058785645300370594;0.02854911883973946
-0.0759059745347689;0.00850851436190974;0.10193805462944193;0.24138324637749814;-0.07480359146508961;0.02183153847988187;0.025147432521811723;-0.07208409308281423;-0.0213731026710529;-0.0964682996943381
0.115083251714005;-0.24674337971560892;0.0017105445758466879;-0.10156109676114103;-0.15363797634764462;0.039174204872047855;0.09063460037197917;-0.03952654121662363;0.1889078037879102;-0.05982933494356928
-0.0475024485798232;-0.2154349343858885;-0.05663808756721876;0.027734975916565173;-0.13550162268219837;0.07834104517032797;0.049254415406495514;0.08213299385894915;-0.25195215545454325;0.05617471185529002
-0.105778648383937;0.07993706805428812;-0.11027180753017113;0.09603033494802876;-0.07429076008482625;0.19187375082492777;-0.022605755786044374;-0.0206204221357236;0.06845425798921796;-0.09344042548016615
-0.0543584720861898;-0.12493036088313142;-0.0657833227533016;0.01072154761500437;-0.05441365366029171;0.11421629049507526;0.006709978799017495;0.07577935522539929;0.0003761149865302143;-0.023128099978502296
0.11802154750244802;0.07734954100292907;-0.22054830356093277;-0.19982075602518926;0.09218806296134302;-0.08291551430742758;0.02007048552348193;-0.06134929223631636;0.2839337476199855;-0.1026230398737869
0.122428991185112;-0.4195694626890559;0.08422467172050316;-0.08819090253441876;-0.31697851730727783;0.08124842686423725;0.05006238173002014;0.10705297449862933;-0.2797072464406675;0.05933002379535314
0.060724779627817006;-0.10626099737655491;-0.22552011766703495;0.046234842443959596;0.10205556131333252;-0.07076430185704968;-0.02891153010962144;0.003603609942794033;0.001811708517356222;0.02858288400771207
0.000979431929479802;-0.05158461490549414;-0.2168902793419116;-0.04910781017267799;-0.10324820925135567;0.1561798713549921;0.017968007536139734;0.13906571320738859;0.07326246663569887;-0.018904505909170817
0.0225269343780617;0.20494460593940778;-0.3762765665821969;-0.030877982118141047;0.333241905672843;-0.16522446385568826;-0.12613168244085626;-0.034151890455227166;-0.0954402201040383;-0.09144847049629666
0.009304603330068;0.1398708171908913;-0.030572290933036518;0.16185607662489704;-0.2565371930193342;0.038389174000751175;0.005565397619363899;0.08564227826945733;0.23895876882323736;0.03628640920906414
0.00881488736532832;0.13403347704129442;-0.15764583435764043;-0.017061681547654264;-0.05178622430796086;-0.01664432058329224;-0.08122446379679911;-0.012470663111818752;-0.032199957446563496;0.0910492921519065
-0.0220372184133203;0.13201537582091172;-0.3073554568067097;-0.10416102443628239;0.27699130167919445;0.17785203144943426;-0.26851859764471664;0.10080534589995653;-0.1917456518721829;0.007031394908161431
-0.0377081292850152;0.14023796809635342;-0.19275643475329032;-0.25477223690131745;0.3674400761243917;0.011350973607355683;-0.140342996184888;0.05932477689040363;0.05822430049195001;0.12494573331726937
-0.19490695396669802;1.0902524827991036;0.34176433063123796;-0.13326925345859383;-0.12711031855767946;-0.31722915629890963;0.009873406151826638;-0.11439305986184067;-0.07651390999867676;0.07790642616863391
-0.0852105778648384;-0.5252616919568185;0.6898181362647003;0.08165800977614086;0.09838775306184519;0.17553542199443511;-0.1340775102642116;-0.01088012341164248;0.09711202615150501;-0.012156107120724437
0.15768854064642499;-0.8335175553499092;-0.4911679245520337;0.4135736732820366;0.40856900398979373;0.1646169269470081;-0.04355131062210438;0.3308834674200249;0.017488869312838728;0.20171340231287954
-0.0328109696376098;0.28486192069179245;-0.32966166040940553;0.06826195724247534;-0.016333812536312862;-0.0477711488973037;-0.1117255205801626;0.05032103868829343;-0.05046895545180145;0.07260300715412568
-0.0617042115572966;-0.09612006243347362;-0.018816513115427626;-0.24470845233307845;0.24111958519069604;0.09866154604155489;0.04767511162825085;-0.11332532348618503;-0.032209599228846246;0.06232639359951851
-0.0435847208619008;0.304368951752318;-0.011829176563126449;-0.6184411173630858;-0.05622556998994975;0.2333299138732587;0.0015683332121850134;0.010381382453614686;-0.10947886455438349;0.04773138079948727
-0.135651322233104;0.6707391247849431;0.4414196527753656;-0.358876856742154;-0.21187954768032338;-0.24635729545594623;0.10863464289647988;-0.07693685568059698;-0.02715360604487155;0.03339605195561419
-0.201273261508325;0.228645669246971;0.06588193318851256;0.23502825999913374;0.29938230221617756;0.18800206032085776;-0.2188756740424559;0.14517624660078457;0.1010006064712875;-0.06378751619868007
-0.0626836434867781;0.03760625356952197;0.21614445981263072;0.17810344303258474;0.05467559052668048;0.056510489879262195;-0.061508913400472216;0.10895456626913423;-0.06499023118565307;0.01632549076064859
0.0220372184133203;0.04740466325759193;0.7325697106742861;-0.46525690366105255;-0.19472375489142552;-0.07482282442642679;0.12438278468880425;-0.04879834209365406;0.03820046076491575;-0.014884109442491305
-0.0186092066601376;0.02810249325965772;0.23919790799529977;0.840633184757492;0.15559386646503687;-0.34454476438638953;0.009420322119545384;-0.06035177159367841;0.12053017059488708;0.008797235136318412
0.112144955925564;-0.6628180080603306;0.2438127214261441;0.3795212938431456;0.015709177120149045;-0.10646599780310274;0.049333377349899156;0.11252361754813058;-0.09354921841758493;0.04177800859952713
0.18168462291870602;-0.4632094927259318;-0.03148216666854559;0.02558617670199913;0.03288091539679427;0.02644357705024785;0.10790312698537073;-0.20895194233763184;0.11454884945547807;-0.028842313702381085
0.11361410381978501;-0.5308860927882819;-0.004028425866897815;-0.1832809153135322;-0.07267164045725412;0.11238437597127121;0.05192440568259508;0.01833539340497722;-0.021201706480061505;-0.025673349699329984
0.0401567091087164;-0.24377555989641353;-0.12697937889225167;-0.11098880858046065;-0.021101831671771546;-0.09064792064535569;0.1958374663619512;-0.14381544089731663;-0.0606767220157388;-0.05271894199142138
0.0014691478942214801;0.0029991775408979267;-0.17275207129369088;0.1208957805100485;-0.4298797182135714;0.25976382744847026;0.03680633291187122;-0.14455916084626474;-0.03256182717897388;-0.06203368964293117
-0.0523996082272288;-0.019509669280573433;-0.11137144667494182;-0.42730404162037716;-0.05515062356218379;0.19319667757331585;0.0498422871124632;0.004901819877085915;-0.04525945035295621;0.0606827801836686
-0.122428991185112;0.3250070707886342;-0.2946113588411891;0.12291069003291413;0.044293480951059436;0.09414692258474694;0.0020908455948282336;-0.10155015876103785;-0.09464496588023096;0.006839350758125424
-0.0783545543584716;0.19416675830117913;0.11835202049053299;0.13369567220782033;-0.08294937696395305;-0.12824073492174184;0.009564576325566376;-0.10712054223486027;-0.2163551517836797;-0.14694482295629924
-0.092066601371205;0.07877086113025858;0.12592507092161115;0.03663067934605285;-0.08756084421418868;0.06994506193973356;0.056777949820303555;-0.11013615517212802;0.0669973348137098;-0.0734401501988466
-0.0166503428011749;0.10065363104248781;0.04778845333990547;0.13036738123353964;-0.09066937955969132;-0.07803775975759569;-0.0327040606136864;-0.0022011922837270373;-0.13346262563150998;-0.048615957478027966
-0.00636630754162687;-0.04175498502401709;0.009302069223252054;0.06759911326430677;-0.00423132787669823;-0.06124762064397009;0.02741909608092007;-0.06365454819164004;0.11450194664094847;-0.011128411073043892
0.0337904015670911;-0.1735368279731105;0.0007914558057456757;0.17478018832012168;-0.037668719943112765;-0.09223105623835703;-0.0016182009238826427;0.07588818004346182;-0.09701023162723488;0.03397888996406635
0.0308521057786484;-0.012432501129856822;0.02464895135715231;0.24145952682365807;-0.08360918907491709;-0.026651509493754263;0.016290491482101425;0.010290510892763779;-0.02969810446252594;-0.03320736691488297
-0.0171400587659147;0.06670496057566276;0.10926335155270489;0.14508276406562465;0.0408560678976491;-0.09429244308173644;0.11157782917550278;-0.07540108395091859;0.08476192047668622;-0.05973585734302128
0.0700293829578833;0.03119894373767185;0.0014039190848692392;-0.06695092367177476;0.003271275548617492;-0.17490447761978073;0.047463196046538154;0.037799924240292146;-0.08857234789215375;-0.011201894088607348
0.0641527913809995;-0.01447108515689869;-0.03196675576250175;-0.025500485789354103;-0.028609894559595842;-0.016714420374937308;-0.040675587916575884;-0.028362879656782077;0.05524631337380427;-0.1380378870381512
0.0749265426052889;-0.2790032147114393;-0.031847441108256054;0.03278126475930867;-0.05992859375613917;-0.06611167486988244;-0.02863509410667942;0.020379734155327907;-0.04545777866604586;0.1158133698947936
0.0954946131243877;-0.14296759419348187;-0.0013107227330857614;-0.4798558525223709;0.08688664167974199;0.024995181780096107;-0.026763063075732976;-0.05016550444447236;0.03709525219460262;0.002499533156512728
0.113614103819784;-0.17579565648615417;-0.07241601390654233;-0.009220577936479669;0.03258270687232361;-0.03364184942017596;-0.03156763777633572;-0.04169523670319679;0.023991096576171128;-0.08589248508106812
0.0416258570029392;-0.02193240325383117;-0.06845847081337693;-0.3037628108500573;-0.08192071985185112;-0.08393418996524984;0.15683503173547048;0.11715340449681447;-0.07141523342523988;-0.032776859374870224
-0.0151811949069549;0.16886568379416142;-0.13699709582938446;0.1867859307741548;0.024257849768743355;-0.030050333216237252;-0.061958615784486686;-0.1462881486425144;-0.054410042375472485;-0.09274160617247702
0.0430950048971607;-0.17577023247429954;-0.07228232500074928;-0.034020932049513466;-0.06590273650205089;0.0752543121513169;0.03133390906545242;-0.012885187945286569;0.11082463531922725;0.06492927698382608
-0.0548481880509315;0.0021621833757536984;-0.10383797209929085;0.0651787692154689;0.0676944785693577;0.1170923712776014;-0.0006700629749858759;-0.019874931746426763;0.03529905983445646;0.03820638279732257
-0.09696376101860901;-0.05781950293135751;-0.12813454152409698;0.16906213971790454;-0.04516098629589592;0.15504508657545757;-0.022456563109476822;-0.03650175567947857;0.09704342204794637;0.024083443988827724
-0.0288932419196858;0.047623576128271006;-0.203663308612904;0.005044319566285547;0.03094695391934074;0.08030662252457552;-0.08323721237063074;-0.017175174428179143;-0.07144606830869403;0.02725271004632276
-0.154750244857983;0.2879681393895201;-0.12050051014602038;0.09249735245485372;0.047427130311269994;-0.03669024386836905;0.0012302462346123384;-0.04838265384793607;0.010513565471782765;0.017654472461990377
-0.200293829578844;0.24410788155131705;0.023178520117426875;0.1625928551567938;-0.007182181732396133;0.036574816367902496;0.03991793229229681;-0.12529278433484325;-0.03574045163992708;0.05753482734701207
-0.0533790401567086;-0.0021449470207027615;0.09237548055017074;0.06645851834767609;0.05123467971006444;7.723036843629885e-05;-0.030111686644386734;0.0038455474647725732;-0.003824974626283095;-0.019330900227708725
0.110675808031341;-0.1489560871356861;0.07369963905262171;-0.11560837937383837;-0.08601419432075236;0.01338871669174292;-0.07899375405705324;0.06900410664746252;0.04885574167104343;-0.05945700541280603
0.0426052889324192;0.05778616330719609;-0.05680375132764954;-0.21787256585252052;0.2196671062213685;-0.09012386336113601;-0.017427591892465823;0.0198908041955863;0.0018370056068775834;0.0019434483570956176
0.10039177277179198;0.21834577543674916;-0.07778231322162646;-0.055966329778169045;-0.08869143239977514;-0.2190051496751531;-0.09885143069680573;0.12702348722029677;0.09601129935568;0.01831260737200759
0.106758080313419;0.2979211936736252;-0.023570800966541957;-0.0924484731489866;-0.07482040118096828;-0.26776839166850547;-0.12779201723324143;0.21820148010397283;-0.009823123136706377;0.053939228649104304
-0.289911851126346;0.29082205854781096;0.2383128328128005;-0.0019987938256367903;0.25488347302485753;0.09787810749763892;0.07474990371733871;-0.2411674624075086;0.0358879156158269;0.14097370514620072
-0.10137120470127302;-0.2503664887761516;0.40645166307398883;0.015592309671583577;0.14435315219456502;0.1550233029633846;-0.053085397883490947;-0.017476861191537157;-0.09337192461530396;-0.02399712733929299
0.0445641527913804;-0.33438459033157375;0.11304390504684171;0.07953459119639134;0.15215974696074241;-0.12981698975773504;0.04098918662718206;0.02238769976397908;-0.05300895755531626;-0.004633343545680083
0.101860920666013;0.14742141632963268;0.0593793535364104;0.0697292905015851;-0.15514428712214393;-0.22663502895072382;0.0025789278246500396;0.11616561639529255;0.013856090677891767;-0.03360523486745046
-0.034769833496571;-0.1206528723169388;0.2930670430097832;0.03424039617073969;-0.05785663838266539;0.01602856932544827;0.03924537962893902;0.07889736131072193;0.03382298928099441;0.12231787683018265
0.100881488736532;-0.14770628511706566;0.047373424562913186;-0.08924781179465778;0.14613385444271057;-0.0745828037502042;-0.009200356149044539;-0.060344241720131184;0.0013421212220871219;-0.04463209863519583
0.00734573947110673;0.12513749393592713;0.02296402893341253;0.14488354646410884;-0.08100711688844278;-0.15151793336191835;0.05671569754572802;0.03672097327563908;0.03924898338531852;-0.009977049091335323
-0.122428991185112;-0.053859970681750365;0.10290044885683707;-0.0032611056325947455;0.043766181129223175;0.21097572280464444;0.05403956645709413;-0.09465245890533439;-0.1014844129812093;-0.024554567193846317
0.101860920666013;-0.1382313380270835;-0.08591618519583938;0.02318370234747081;0.038122865677451705;-0.08449819363225777;0.05280989609378674;-0.045765572434625305;-0.05909345736140131;-0.08797537879585719
-0.0083251714005867;0.10375905399402725;-0.1134467326279971;0.056603213004810506;-0.23548531700603553;0.003524437217786441;0.06027184973592448;0.004705131589967888;0.055139350389710594;0.018590328214526514
-0.0142017629774736;-0.06844100641643219;-0.022615284050839717;0.06152570399655082;-0.06906629035552289;0.039951625821789516;0.02064618550611315;0.053738628195183116;-0.03242552097374026;-0.02381194428842576
0.0195886385896176;-0.2712788534524724;0.1126954205826246;0.07385282439646353;-0.010070863324918584;0.10107928304373226;0.02666145881593754;-0.047121842497491455;0.011669779555509777;-0.0332158245201675
0.137610186092067;-0.17772426512517223;0.03181503034929265;-0.11750588009726981;0.1192027024751814;0.06896818543850762;-0.032425830652448646;-0.09452842239776878;0.0601485867411749;-0.13872638268220394
0.079333986287953;-0.2620899316971656;-0.06292254328450465;-0.24191606157064674;-0.1731428583883301;0.11364465519164355;0.04907099042236388;0.11026725404809909;-0.10107127249315745;0.06350323053409147
0.127815866797258;-0.07260847177656478;-0.11250380242459795;-0.02674312995344147;-0.02408371568819216;-0.01736285186976072;-0.0726032047307819;0.025724832690506804;0.06005141613678167;-0.09365628075093914
0.140058765915768;-0.17589113469949452;-0.14428863239439674;-0.09303720585411256;-0.07105476362908264;0.08558608007953336;0.010122257229687015;0.008519327221163005;0.002925393783108188;-0.022185435467620206
-0.0445641527913805;0.17605271395223138;-0.3136315727804238;0.09245125075151557;0.03469500593713342;-0.025010234581192673;0.010323395214276955;-0.10560874264749226;0.004416786892939461;-0.017089383916662305
-0.18070519098922602;0.4084196924712078;-0.14105006243003584;0.3306868336027496;-0.03700229979954223;-0.03186014830275911;-0.06007445654932582;-0.07532249752514766;0.06455022854548598;0.06202481646314738
-0.263467189030362;-0.0018015099618630265;0.11021646970802812;0.16616175011029738;-0.02349105627413535;0.14043004378001975;0.06983038685198059;-0.09918153955577944;-0.028939570893351838;0.07446306035813703
-0.120470127326151;0.10711266740932668;-0.048442020182064116;0.09316806978266849;-0.05731016588499531;0.05737443782683566;0.010800857344648206;-0.05242484598806024;-0.007942273151953476;0.009955333216395766
-0.0602350636630754;0.05130597152244038;0.10000168954626781;0.029209788199007197;-0.021045368147099168;0.010141191037676163;-0.011862625500996147;-0.030139952943901486;0.06533864710494064;0.03044676946303473
0.100881488736532;-0.34802812775441944;0.14719249110630397;-0.22710970268207836;0.01975634826510492;0.03970402016570139;-0.059973646014236257;0.029904118317310734;-0.14851941920864345;-0.04130717613484921
0.00587659157688536;-0.06994109839752763;-0.044575015712770095;-0.01492067735657949;-0.03164299175533111;0.05303581133146758;0.014275113545246954;-0.06769280398541007;-0.042459505775669176;0.007410906939031471
0.0156709108716949;-0.08394086921142058;-0.03779427672323181;0.05499393924040084;0.10233747783506905;-0.07959447076624612;-0.04467722899365375;-0.10970386124174912;-0.07801049735687107;-0.021331913219581656
0.0822722820763956;-0.10910113642568284;-0.01033110212018599;-0.033220917042269545;-0.03328783269753592;0.012517027504458154;-0.00715984303254412;-0.059403936716148895;0.010095658823115665;-0.03985404953543281
-0.0641527913809995;-0.09253866986545504;0.031230750349024516;-0.07021433035514855;-0.013561595201378788;0.08987192672692483;0.10726125598355295;-0.05404961320373344;-0.008526676768529324;0.03219751690485875
0.0460333006856034;-0.11639631588887166;-0.060357170414157155;0.1564176807246376;0.04277243178124624;-0.06008404580971519;-0.02707519605562422;-0.09358149457072258;-0.047682815991775825;-0.00854590849808156
0.00391772771792254;-0.05104896407400447;-0.07192210855040608;0.09007520774247899;-0.11214267666215236;0.030778515450302458;0.04744702462416421;-0.05049999300796939;0.01742707096206816;-0.06369808522958499
-0.10381978452497401;0.0930493594172465;-0.028653120585417705;0.14346346401078575;-0.0892579040289394;0.07004553455302218;0.06260601028517455;-0.05400141613180972;-0.06250636025252017;0.07795370908483909
-0.0773751224289916;0.1085249129264729;-0.022796054138129875;-0.06741057962658355;-0.05891378332992376;0.10368919312815711;0.003947709744220305;-0.13003981867865425;0.08188631685576332;-0.010832478881992801
-0.0523996082272286;0.10296247978735436;0.019591336504472503;0.14286890469743538;-0.04083790581378009;-0.011931554263696196;0.03360674785958087;0.056414505814427994;-0.0004335615401420101;-0.022468576944805575
-0.0445641527913804;0.0513508644300908;0.060484091214187664;0.1294781603409231;-0.16553486695011396;-0.09604059115357386;0.09414477922570907;0.06970405014882529;-0.08604921803496532;0.026091363473268757
0.0504407443682658;-0.20374899680176414;0.06452239420647249;-0.04301958417629452;0.1480336200401224;0.057068990522800074;-0.10504177687863964;-0.16054101996649803;0.019106579991175248;-0.05614619964783818
0.20274240940254604;-0.14699705706680782;0.010024360919352894;-0.21256912081451637;0.029651189692420345;-0.12569590904119854;-0.09439022055002531;0.014286291920018783;0.0030055282320898646;0.027275959862655397
0.142507345739471;-0.12509457525786596;-0.011178168321779366;-0.04434383169589215;-0.06991584349161233;-0.031787158853414495;-0.05349587172508301;0.012317057317893303;0.004406764591409439;-0.045915882922117894
0.109696376101861;-0.19917346411995215;-0.05941901857117682;-0.056674309099602915;-0.027696973059306268;-0.027913280956127728;0.019254575564748588;0.043153115242127234;0.05995161878614488;0.03933487579367259
0.0901077375122425;-0.042015157164902915;-0.09457377800950523;-0.05220165511209352;-0.03931979598564689;0.06070339751489466;-0.08689636477691066;-0.09422896159693996;-0.006976310106569817;0.007010665934212181
-0.11214495592556299;0.20976851758827167;-0.13931453649837094;0.0508513854334101;0.008689696888851193;0.019987791783092075;0.05462326575089005;0.011721856299869427;-0.031806079692910216;-0.015951499186663564
-0.0974534769833491;0.16260846829716244;-0.12107896918690741;0.1881428130453374;0.0869243038027437;-0.025219688800726916;-0.028805286844703196;-0.04329390817872104;0.003935619067305309;0.06184510602586683
-0.0210577864838402;0.21204817164703554;-0.046134911310673724;0.13004832156717538;-0.07212412176083359;0.01881743065950006;-0.03284766094565803;0.08623380488882419;0.02152367219801461;-0.10900444991730733
-0.0269343780607243;0.35922030079482276;0.13498999453562827;0.05264954598470235;-0.18112546840907343;-0.13514659332242135;0.041268636295934774;0.13457079535568847;0.16459359251568328;0.02911500509301743
-0.16748285994123402;0.09242815969345715;0.3830340530536244;-0.13922238488847571;0.06461313254683579;0.07183286436624331;-0.061851384864236414;-0.052244935444010425;-0.06672631600083304;-0.00846175024876157
-0.119490695396669;0.05807630853126649;0.25737914211938867;0.051007545768992;0.2240239759296253;-0.05701864880233354;-0.03199238342258464;0.11920474992440347;-0.04284949272567235;0.01897745053833764
-0.0636630754162595;0.2907044389302021;0.3084962507501312;-0.07758741544262408;0.0014249304079040402;-0.0942715063854236;0.030080013011689603;0.09842570531966147;0.06698706767786344;0.10451129497034474
0.19000979431929604;-0.46834262552837863;0.32486225139474334;-0.07263076587645977;0.12058103812901128;0.0657122577426463;-0.09185592841265737;-0.000345919165390513;0.07358170235654303;-0.030062074343373865
0.252203721841331;-0.2115958488735269;0.05887160011022532;-0.054006206128941546;0.09137447225797152;-0.24729318161751565;-0.05382322845892769;0.07789005098554615;0.0744842352640407;0.05169910864144325
0.0171400587659162;0.20755058690650927;-0.1774541735361109;0.22240228062125314;-0.15346233065223247;-0.16864675268474047;0.10393172721197284;0.188689652739832;0.014047341265007661;-0.060152372559744594
-0.104799216454456;0.08476778612852112;0.11620658642156338;0.061662046675043575;0.0035820130452938093;0.019065373727760185;0.04191665237768748;0.02018850004394646;0.07779713066921717;-0.022594144922818606
0.10822722820763901;-0.003248060410468797;-0.02690595146746177;-0.03866261843533587;-0.06987563423752771;-0.10424384001756287;-0.10194209319313358;0.04392418819780261;0.09716606446397148;-0.03346298861888361
-0.105288932419196;-0.012632151778128533;0.1217826401770514;0.10806113315634228;0.0807498322111668;0.11909671132611412;-0.07552346769872555;-0.17495502108016575;0.03847065817434121;0.17262760378909967
-0.0465230166503433;-0.24949630341811782;0.22315580268346513;-0.06093613686237412;-0.02663156808020609;0.0669390497891271;-0.06839347578326603;0.09107690427512172;-0.0744048894497492;0.06305941789343257
0.129774730656219;-0.42884779858025335;0.09561554514617934;0.01009296735398263;-0.006496703175392217;-0.03143278190003827;0.011976484177446622;-0.07735544855447539;0.07288248807352368;-0.06979367714452242
0.266895200783546;-0.16423574434306934;-0.1353050464652459;-0.053823884246376075;0.03190899013005153;-0.19103847307112873;-0.0373563484361025;-0.0625510529455127;0.022774983830599553;-0.09665486871778696
0.058765915768854;-0.019255178223246332;-0.02769413960569906;-0.21915632890957273;-0.1637286018773485;0.057963529910875417;-0.0010180202524217392;0.08054335284638078;0.03718931248679507;-0.038751577234765286
-0.10039177277179198;0.04642433505896675;-0.14219038727419145;0.10402159031420183;-0.08696996752401871;0.07875394989939954;0.05258734830823332;-0.09713924790530627;0.009712899605614975;0.10447809263901857
-0.048971596474045996;0.024396013971370135;-0.10686801284657722;0.08815187649901915;-0.009639108885264456;0.031150932265930464;-0.09503765662022097;0.005890913719918455;0.017205816315848124;0.06525421948369532
-0.0832517140058755;-0.04240772821543163;-0.08229016233595873;0.027497591498681483;-0.11305405373043514;0.1550937589986445;-0.010547056484276065;-0.02462179297657031;0.03685691963534212;0.08002691129043708
-0.137120470127327;0.12706954068984627;-0.14542742336540732;0.04917038355636968;-0.06383302629933998;0.09733906447746905;-0.030716963204253347;-0.001248785661510135;-0.08643802118119394;-0.019208675163272095
0.0465230166503433;-0.15887798750618354;-0.025345876545440106;0.047301169495088474;-0.03944543572376151;0.013014431003279179;-0.1251105264515145;0.03850530344973871;0.03494833580239888;-0.011001192252828512
0.15670910871694502;-0.16765831276425952;-0.1280134452572119;-0.10979971494848753;0.038792873896268225;-0.08030876363969879;-0.013604568968439546;0.07477984611917467;-0.034703406545775146;-0.057783887267581775
-0.132223310479922;-0.030167514629096438;-0.11260187932868393;0.16209076016668222;-0.014976547510262683;0.12424963604558906;0.006191489383939448;-0.11361550520548233;-0.07882567573654478;0.08079251687607898
0.15181194906953902;0.09617790113269031;-0.22629750215170302;-0.2547061609150855;0.04995966776566793;-0.17785060621404308;-0.08237560447940546;0.048862973607432074;-0.023649147889418354;0.008200801675151347
-0.0612144955925568;0.11696550239784603;-0.14350433986423636;-0.010806029203621436;0.15611603830601362;-0.035237111177138215;-0.027290900303664305;-0.044416390289755595;-0.019517156056816497;0.05472485960056891
-0.31586679725759004;0.15897691441975467;-0.06334176043486289;0.0850086181448344;0.14117010951554848;0.17028647071846076;0.10378246971316564;-0.2532397917804699;-0.15068652781132263;0.08615266175826633
0.14446620959843398;0.02228679669954942;-0.037114989839553844;-0.0436018054923512;0.1052343059951163;-0.061902803424164446;-0.1418411454933088;0.025444496431376838;0.03524685654086339;-0.1288816319711216
0.16895200783545497;-0.16372359669083159;0.06267077107304654;-0.14268127033567884;-0.04878045612414802;-0.16187122819836075;-0.1169086987124069;0.079211839003797;-0.05732313224179413;0.036258529727942926
-0.122428991185114;0.21250731246267918;-0.02680643244694205;-0.0868008767787198;0.07664612488429708;-0.09409053643070867;0.005327460256676511;-0.04822799906061133;-0.0463419120477107;0.06492177466724078
0.0563173359451528;0.1707540349645143;-0.04702274223264859;-0.136412686789619;-0.03476685232546428;-0.2977088205972088;-0.016095714676390736;0.018238997188926638;-0.059506323659758796;0.03483296103734574
0.178746327130263;0.16569402873291583;0.052501924684841;-0.033816248579880186;0.02517842850909274;-0.37404644242232143;0.03585572021784666;0.05344638015303728;-0.026726946606016207;-0.12255786359931559
0.137120470127327;0.0691320044044655;0.13866290355327948;-0.22976530744078494;-0.09043231424894264;-0.18796445913560927;-0.1889876778569614;0.1713879696661778;0.08142517389856821;0.11787073078752429
-0.21547502448579897;0.32225022684210225;0.14656692469839125;-0.06191673725386026;0.2543206562454157;0.11118428973222887;-0.0032740150652020134;0.06170534889267766;-0.027270572771007882;0.12118580727873766
-0.6782566111655239;1.26627762752261;0.31358222418507453;0.10666356476893506;0.44097697697607535;0.4455811015962929;1.0194683135535105;0.4724444729172527;-0.0016912615168058372;-0.1974411679133469
