# max_attributes; 15
# description; Austrailan macroeconomic dataset
# number_predictions; 75
# predict; InvLevel
# lag_parameter; 4
# horizon; 1
# name_prefix; aus_macrodata
# method; dm_KernelPCA_fit_inverse_transform_True_kernel_rbf(alpha=1.0, coef0=1, copy_X=True, degree=3, eigen_solver='auto', fit_inverse_transform=True, gamma=None, kernel='rbf', kernel_params=None, max_iter=None, n_components=13, n_jobs=1, random_state=None, remove_zero_eig=False, tol=0)
# prediction_type; rolling
InvLevel;0;1;2;3;4;5;6;7;8;9;10;11;12
17.48515594;0.0;0.0;0.0;0.0;0.0;0.0;0.0;-0.14301899569220872;-0.1588571791076935;0.0003398477629718632;0.0;0.0;0.0
7.352259649;-0.012207017376846051;0.010069378862836454;0.005234731962436595;-0.021300189577208823;0.004284077321636545;0.000292497430224225;0.005457088994120716;0.5933259674757243;0.10937850594179191;-0.020087596748134418;0.015522955022935454;0.008690019325722378;0.0018984901064472818
8.800878566;-0.015401774303422119;0.1341281512044913;-0.10251497627805166;0.023906654002814363;-0.10106064866479522;-0.11421841546818233;0.01950306410300243;-0.20665447555670155;0.12617158881073098;-0.07784166063087228;-0.20921250190668464;-0.05891919981084789;-0.013393074475068456
12.74108989;-0.03615164942949218;-0.004948863011645632;0.0038192108876008574;0.20513998580804427;0.062329692273388304;-0.07964471227504266;0.0814428596214876;0.23956670818793596;-0.05195692792341907;-0.07289488137831263;-0.0375818976279601;-0.014382056164272823;-0.06796683192201955
4.252958006;0.010903458361738894;-0.0003424009011337029;0.02193791942496911;0.08912968629092333;0.014542831978278607;0.00795541232622109;0.020728109939698567;-0.06150946914987562;-0.21146572568514468;-0.04808035722340929;-0.039190149615985874;-0.02048693929955345;0.03413849635895068
3.43571944;-0.014687463565314364;0.010735007186772155;0.010418686071476673;0.0855441432271744;0.028195381233929225;-0.016084614806024883;-0.004084063046662101;0.055273051937972904;0.12583223369310048;-0.020538357361488364;-0.025563452460720146;0.01566497000817864;-0.030313964499163196
8.209935698999999;-0.005006427465562807;-0.041272044932322456;-0.016340398938242975;0.006650072690157919;-0.011108429775513127;-0.043431390226192586;0.010892096960553597;-0.08259880015360374;-0.058549366542560134;-0.05768456122622712;-0.02538738200803203;-0.042755571246219815;-0.014374647232387088
7.279131781;-0.010640529298167539;0.0416193268043884;-0.04140289669325209;0.1944625680459359;-0.02551170797025518;-0.08522801329216137;-0.0131334761919353;0.12985736696065944;-0.06855094897150002;0.21596434840807613;-0.056969732818605165;-0.033321727799073365;0.03269718589577925
1.267829905;0.07934464257490434;0.04027685071835378;-0.006489296044459164;-0.1315639563544164;-0.10484043887854805;-0.03372147537630465;-0.02274233131295949;0.11717376379201389;0.14643043472256378;-0.2599601989431387;0.12058520259999445;-0.04520871528533994;-0.025808800271866647
6.478596302000001;0.04822393097871423;-0.09135422190640888;-0.1042942024971848;-0.09177527269750349;-0.04682671043586038;0.02594935027386077;0.06217087833858939;-0.21786679647633586;0.0854496564291664;0.16065437215846684;-0.026332827582637604;0.03057936802686619;-0.0669441749763235
13.02890919;0.03966594944493464;-0.015926693472234996;-0.03926918143018067;0.006904730792129268;-0.011011554554743588;0.00490185947244116;0.011288143138007202;-0.08141462566723769;-0.5970875197676173;0.1646018901575446;0.049087921079626964;0.008595330721054955;-0.0686385967548133
2.269156488;-0.045074528032543686;0.004554338437019576;0.03954612945023717;0.0007667716819221185;-0.03023353375777742;0.01375249763069012;-0.007490524424181704;-0.1326398469866065;0.286820502544914;0.015516781258084963;0.01935008106284892;-0.021161121805520173;0.0758153567179045
6.612651036;-0.016249457471480794;0.0027467884370744092;-0.0246215796840064;-0.027252478638598112;-0.014152888571195265;0.04204593553520978;0.09473006586109861;0.24636138367331312;-0.21371368918615805;0.0927180720166885;-0.02439799403179538;0.018988201880323186;-0.022579601760851057
7.526592871;-0.007250811590513925;-0.0643661012032355;0.015491753475503729;0.09042502588284933;0.042187837742221686;0.0634315208587827;0.021545284236954038;-0.29947651010800436;0.11290626767994655;-0.13189468150516193;0.05059667409582332;-0.059138498425622285;0.06440164325820139
5.6631496189999995;-0.04157930004628886;0.033806612426768606;0.03943793618297336;-0.02370316831045865;0.06706127516510922;0.05639904302358564;-0.0021969567724518945;0.04384559009112723;0.11216502580555464;-0.0467718311666924;0.014710534687559588;0.0684273580413651;-0.03635744957371232
9.565078665;0.041836473724265195;-0.1255006120327194;0.017183966928644986;0.01814927551248707;-0.009824313686299609;0.08119309859193831;0.023456873433291746;0.1338724158820444;0.03397912828034651;0.11156082942027903;-0.01966414482537841;-0.00945664630837637;0.025863060723533424
14.3200715;0.014508074582617308;-0.044989522100515135;0.02349082701047504;0.019885694878108182;-0.009743715517530631;0.013952737546036403;-0.045003721392633464;0.0389127586330147;-0.06291968925743474;0.030936111549906574;0.0658570568084428;0.06145340186983345;-0.00840256447623245
15.38243276;0.009683644449234226;0.005876921005961986;-0.01600074422435978;0.09290843305707822;-0.09552826894362616;0.14366300824006598;0.07193988024431076;0.07882826018855672;0.02488095220039314;-0.07117295635831816;0.05010185479073899;-0.03096425878702284;-0.10431427647774653
2.464624684;-0.006038415149592939;-0.009611318321954897;-0.015919171796095394;-0.030200791315300454;-0.03435994621423677;0.10311562952233384;-0.007556213807857531;-0.026988602030292668;-0.1099439164726984;-0.2772771871460793;0.05285679144332905;-0.014906894461216876;-0.011408522471947543
5.84427941;0.0026181651532002554;-0.013661109966948724;0.038083022711282735;0.08377264684009682;0.10010769374339802;-0.012656100621480976;0.02547912181130734;-0.15246983515420376;0.032376169705117176;0.3441786195766576;0.03819665530293111;-0.020468572160043826;0.007475338814855782
3.6869919639999997;-0.011866364139499697;-0.01791264117436914;0.021854818189812317;-0.009245647693962083;-0.03936395895524166;-0.055088588246537264;0.02594688339781676;0.1072674531320819;-0.09449678380006195;-0.4046532680607751;-0.07902741989762856;0.03854792732785112;0.01887489547739638
-2.818864607;0.004251086588927912;0.0032371402855755622;-0.05298944401703929;-0.4159546918832433;-0.05695062523722212;-0.05831624220819334;-0.02364345604037545;0.03260989873763266;-0.01766894111382588;0.07568736244207477;-0.06746775866682415;-0.02307493067323947;-0.06601418476910986
5.252210625;0.06558573767608579;0.045743771119868264;0.028391290325379178;-0.011600197105350272;-0.05107865910210356;-0.15249090093936166;0.008556431061905017;0.018416187534742508;-0.04605420888158774;-0.0585054384333889;0.07166123789410106;-0.12493985672877043;0.08763089615300645
-4.320324479;0.013460093101170363;-0.012571277606049326;-0.003067069673734132;-0.6318332546259855;0.02274764238380676;-0.01817304470988039;-0.0008658916445070009;-0.08153946047307413;0.020167251083806525;0.022143535068553023;0.00430906642828282;-0.03505408437490128;0.014673153360332886
-3.6382685969999997;-0.012683119699656083;-0.0532319533120859;0.06334644197006636;-0.0598339222569451;-0.013048472146154308;-0.054836813952622236;0.029385267272362646;-0.01863153427610619;-0.0005051789621329665;0.030670473004641107;-0.057982989457904636;0.01942653111745132;0.044134877138703454
-6.397223068;-0.0045317223347115555;-0.02361103273658919;0.007430845513855927;0.009992545856788722;-0.035286939683510696;-0.009693685836792027;-0.14638845565405045;-0.022921490062651175;0.016356003211086892;0.010799573166012487;-0.04862008044394152;0.07761647673879027;-0.06793510928345416
2.506736268;0.005186000445359947;0.03820517702216548;0.08762232859258944;-0.005698921611861283;-0.12676702248951296;0.11272017354262118;0.049405342970886286;-0.03542772948474393;-0.0011209993309230831;0.005999135219572733;0.0056503528019303945;0.02073359125099856;-0.00806046757071442
-0.596288519;0.10351762972259317;0.10265637920409343;0.08815902415118533;-0.047008991727860945;0.046769423455668604;0.0325628850350534;0.07343460773805853;-0.024891303246731722;-0.007279149877527033;-0.0002051354777421647;-0.05869383126105034;-0.14176865881721593;0.1210725176896703
-1.2746536370000001;0.007691848444524073;-0.06426722065462788;0.07105307908118229;0.027488672734486314;-0.05604805522405858;0.09567769707437447;-0.027084693529382513;-0.044117068145949644;-0.015534886309241052;-0.016036936284607648;-0.0006888391144346745;-0.0011413836877839452;-0.011584051708343463
2.654499848;-0.033358068523295724;0.14002353207218732;-0.041600373044709246;0.0006919063067509927;0.011113711895570987;0.013726929198671587;-0.03323869519488058;-0.049610149175137994;-0.029024775824508006;-0.026730072638558863;-0.004670494028731078;-0.03328136255314535;-0.02821317378773472
2.908180317;0.03337982129584151;-0.02551353453754142;-0.044710221162798505;0.04146287108245607;-0.026358634042649307;-0.08686358575910477;0.04325322893681816;-0.007567563877560548;-0.006217233873774894;-0.0003892000191670453;-0.004314700179266257;-0.0045089689576204494;0.012334326162260283
4.343863604;-0.013637403594436832;-0.18289037365794497;0.06184871995902361;0.01243742835266049;-0.08548593952047924;-0.05925910430682956;-0.05689142740175936;-0.03269301534640919;-0.02131523028298945;-0.019027348277947588;-0.16275441388133055;-0.06977902936615216;-0.06279575731719561
3.925611524;-0.028467476932415674;0.03561809643735965;-0.002806544515927172;-0.021733180116695994;0.027631121020365492;-0.004837345653906987;-0.05858277344997365;-0.040018669559763013;-0.015149546238275432;0.02847577335760297;-0.031917009089223895;0.0019794669158233317;-0.025565759166406094
-0.40737109;0.01617337462369398;-0.03875897814671506;-0.09233669452524368;0.03499935995860337;0.0036903453438551772;0.02697364315033757;-0.013557340337140907;-0.017908475246798707;0.012485089593546597;0.05282125435786059;0.022477341418739485;-0.04908782225462375;0.009823077114431146
3.7509828639999996;-0.010939279086299832;0.04896367013666241;0.5579974895824873;0.016461617465354;0.03682716911663335;-0.06502977702948454;-0.05472304044137685;-0.02983693987503669;0.01182602601074142;0.004039630888240496;-0.033395517142204935;-0.06086847288828234;0.07981387807537156
1.221160904;-0.02555744552328661;0.060302677002331;-0.6343390649705654;0.010113713481013517;0.05080289969848098;-0.06281825321529648;0.002137584802846871;-0.004933308686981423;0.03469149139436511;0.00908516000842277;0.006422409210050302;-0.05408467919687175;0.1172885351103186
5.469695286;-0.0026823088612457063;-0.05311371357145764;-0.18316754475167885;-0.08041470008056545;-0.06082035153420269;0.05537125274420645;-0.01973440828987183;0.05423027962651519;-0.013518629305772028;0.015625242983973192;-0.022691956265664663;0.06721849934977954;-0.06035096015142648
9.412466626;-0.056785092239298375;0.10239335151816185;0.0821616533993917;-0.05548721330950742;-0.007155834682129207;0.04615242749567078;0.03939720497239561;-0.040740974391732895;-0.12917938601078022;-0.1037106517697392;0.03719824279509335;-0.015997087085340873;0.005963443569729752
10.51225032;-0.023087442694001745;0.02960253201746797;0.0045712564151105615;0.02790656466367926;-0.07049460578529178;0.07446332559983786;0.05370092325922364;-0.05961908323035928;0.06748656440780858;0.029548244829254257;0.0004802399251013311;-0.02238971829670883;-0.07866236280356016
10.2216944;0.030645548631260594;-0.04842031352969041;-0.0018978210798264723;0.012053252691143983;0.032943704141211075;-0.014253802895270251;-0.1251669131062324;-0.016305864370495922;0.0020656051792531734;-0.020210679577148;-0.03466247937530392;0.04925176020038408;-0.06521846457209717
11.271464;0.028430927616817554;-0.3078141180827774;-0.23631739293441528;-0.13356933688119163;0.010315243357101694;0.04962988487717856;-0.054478976834225944;0.006216999681401404;-0.1098428810429439;-0.017519430361932466;0.05674359430541803;-0.11278803335289368;0.05449049233513853
4.919616469;-0.0770233252627528;0.06441228929008744;-0.008011010055060106;-0.020468589061357317;-0.05729070728420477;-0.010922052457128979;0.0882054540941052;0.002428841466272793;-0.08982581160873318;-0.0726277487206294;0.025359577816365234;0.04886388119252671;-0.03625048051181199
2.11114654;-0.06857430391954793;0.4705824919990659;-0.05502075167944587;0.0722793912301754;-0.012506534087287828;0.009409138344844126;-0.07133601430701093;-0.047743170098424104;0.030813355534095574;0.07174700646361713;0.05385514155596462;-0.08481153841459926;0.02012762465822861
1.2928687209999998;-0.017843513839515726;-0.5603688762854829;0.06519018158022924;-0.006472099393246116;0.03696114310742969;-0.057819780237310145;0.007204000889104783;-0.034083361333400175;0.009856400642605508;0.004413725538492662;0.0027632566181347265;-0.03737109948131755;0.028584653342541712
2.659095953;0.17316789296414378;0.01588704949263107;0.09245618300727565;0.05343363849695278;-0.11148194069507562;0.026761024504535536;-0.008336465403815767;0.02915724919579296;-0.1123387287151366;0.0741582302586203;-0.02588791327769059;0.07473314650217817;-0.05469719952418074
7.620325715;-0.06892102088624293;0.21778104749820829;0.011157186708608043;-0.18797439643191827;0.13662439315659253;0.005687091300351258;-0.05801580829518702;0.024301685791688104;-0.010409891367203444;0.07731366275857049;-0.09518339705476109;-0.030380629110436645;0.08190656440868317
7.04011889;0.041469458634345514;-0.007195754842959239;0.026122022673727426;0.024796052117686783;0.0913864693891935;0.04123130339065207;-0.04184108808880914;-0.0400097758860338;0.04429941990489302;0.03152507231563257;7.377588896194388e-05;0.1858162290379279;-0.06885436888902711
2.1403791869999997;0.05184655972418809;0.0059642320818566776;0.0023749819675292667;-0.03348901982388622;0.23086999771982894;-0.1993473203743531;-0.01465945050952112;-0.013583697557684645;-0.03217423841156869;-0.0078047568599504905;-0.022305054373790233;0.004863742744216499;0.039182361499835915
8.083696791;-0.031020181308873913;-0.03435878178947706;0.019207779322434147;0.0004934657012072716;0.013826030151221769;-0.09497918538142773;0.013091297696258246;0.07408780191097891;-0.08101339695112564;0.07094983864788994;-0.16240130520331925;-0.14914388181387428;0.0277928891459976
-2.9901697410000003;0.19058804559336426;0.12649259434088014;-0.04491220772639861;0.10695649883551546;-0.06109156029959833;-0.08837846275839754;-0.05166442033527485;0.058181581931397795;-0.0524746424431191;-0.08713856611539465;0.1796568477065432;0.010355103521872746;-0.035732242766551896
0.577872598;-0.05448910603191821;0.07146401049077115;0.013311706538314523;0.006472649494019434;0.051203308473421874;-0.07171252541191972;-0.0011522879246453782;-0.032768045821342164;0.03917260558325243;0.02409311158201098;-0.014502841921072429;-0.06965305391112386;0.07677380075423769
5.465025614;-0.2661651860838398;0.019272691310276528;0.007372109058774059;-0.004407378431043381;0.05310321031157374;-0.024992758376923736;0.010780251794198505;-0.0006912599439966447;0.019966647035995294;-0.016192288586585626;0.08820250556609267;0.10661918291530431;-0.03894806389351444
4.85223087;0.20162799038372153;0.020451739177942158;0.016667802496853807;-0.023479806093562098;0.036390530277221354;-0.018926800319220588;-0.06520728433728677;0.04443510072298886;-0.05444678966070489;0.06685455106882811;-0.023896204196868324;0.0005509309607970894;-0.06483916632139343
3.1778184260000004;-0.11508500756394427;-0.012927119628573848;-0.0012065072047294984;0.0495954012319102;0.10744309774633615;-0.07936584621367651;-0.014317497478302117;0.09052856556875573;-0.013690663155487712;0.04087252924975695;-0.06112988597885465;-0.022011757543338523;0.02572364642245275
1.965357125;0.2938683792874113;0.028915763697591683;-0.07019831234617584;0.06112419690474526;-0.04490702081579086;-0.042807996864821264;-0.06373386624921451;-0.032313313921541215;0.2065209704215806;0.004477523584474052;-0.001752425882160609;0.021049957558394238;-0.14199303759360699
4.424525869;-0.6690849973221598;0.015108625101931627;0.014184427980774078;0.023817479981901302;-0.0815008995976304;0.014711658127803003;-0.046916671128731345;-0.04110574462221611;0.003463148622560563;0.005356334614838645;0.06549173319389737;0.05345969640284287;-0.03423734903511714
6.526253145;-0.21957492398675402;-0.0466513100226537;0.004081092016332086;0.01967094896145246;0.055065509217295826;-0.20692080886336273;-0.05124630234206263;-0.026064759437608973;-0.008257322228971142;0.008929552795617066;-0.059376312962983985;-0.1082422864672153;0.07785174363035986
11.19798262;-0.022979848996841107;0.08454242419271564;-0.016027027300047875;0.05044147126304133;-0.03572751016699012;0.026580464959203617;-0.010215485556293735;0.013737921084517836;0.12655855076733447;0.15807808942402798;-0.0549751078718764;-0.02655164227418997;-0.07472338092311016
8.578172899;0.06386558477355898;0.025119710852282106;0.056455559917422536;0.0014230947914363823;0.09870651446296884;-0.11233334423168252;0.013574274887151424;-0.0059435762523157186;0.0015201203563182844;0.0455269434455622;0.05974774999629831;-0.010599895823294493;0.05384914786163257
5.854370425;0.02609022800107479;-0.019461543547022394;0.007212762754315422;0.0035904359793149333;0.1146038283619058;0.04605911142092938;-0.009074134478737037;-0.004100726152957779;0.02139646388064374;0.06242045625579633;0.019800183719644582;-0.09699049561718606;-0.04770254736667428
5.43523943;-0.04372401284648603;0.013672742098609606;-0.00222946468509377;0.0037779199178728474;0.04716888633490643;0.028034665038354157;-0.025372041222811902;-0.04060927697256863;0.0051033110747490075;0.024067386863136662;0.024261211951941343;0.08919309013738712;0.045237902737257925
6.6084681;-0.04308178427951277;-0.034563305544620844;-0.055626454658190654;0.08479142664196486;0.1211740357812574;-0.032746259363595875;-0.011522206489658538;0.03964995891120857;0.044728945289786846;0.06179195188614321;0.09730060475924548;0.13858836778217756;0.04126229577351513
12.31901281;0.06967773379692739;-0.01742599412915853;0.037437303868738274;0.045805781858719787;0.0703870922063406;-0.03492136299028042;-0.12735623398061238;-0.023021151520868206;0.012090725347568393;-0.002744375262149866;-0.008644147634717882;0.003787101622185783;0.05027929644439374
1.778077926;0.04713210717547832;0.037345590145738135;-0.01278361146993193;-0.016727045083413914;-0.07693985021696928;0.0181560400659926;0.07512750014214768;-0.009887536412541515;-0.012658157905925466;0.010470926140972125;-0.03833758346032309;-0.06534590476383066;0.027757256125532065
4.267258922;0.027986500482922914;0.026665378060940343;0.002383110665842631;0.014914462799448738;0.09694440289682899;0.019469459647780546;0.06301247731446466;-0.030617796478675012;0.010991765031550976;-0.013179597460638398;0.08081900228230994;0.1443615033194656;-0.012339948967819805
-1.268002501;0.030073615199862718;-0.011043361202406888;0.10072993825038612;-0.01696597313658395;-0.053169727072605845;0.047922181543088145;-0.019690917043065196;-0.019052104679551415;0.001408669524491022;-0.010529304619950773;0.07585946384277502;-0.12717072268782997;0.039167848337759874
-0.444362201;0.11046282728188576;-0.045572427251660816;0.013195457469844829;0.015977552018418432;-0.05003044076093314;0.01148601915192509;0.2105134140553905;-0.01805502972227;-0.0024754020735288803;-0.012316772940684275;0.0415141855642309;0.08431118772682064;0.08925716296039457
-1.457381552;0.06646689931157318;0.0042407783011319975;0.009919225036555693;0.02703466635346254;0.06921875828497984;0.020570114450212968;-0.032106168702587756;-0.024331650292261985;-0.027832339362854175;0.0063941928185097556;0.04615055758048361;0.03555408541132362;-0.00041371189503460794
-0.744412227;-0.00707220973170508;0.013284335913896876;0.01044055980281162;0.04183027275453055;-0.06591387587017788;-0.0035121552989657357;0.08348746700842381;-0.024653809256946654;-0.054064306003610084;0.0016900561703951803;0.03268142576508514;0.020392168589016813;0.01741515732514731
-1.776505529;-0.006940331017891787;0.046436035423045384;-0.12968673284493598;0.014700335599143171;-0.020733304270231456;0.019385524890478116;-0.04020055435880469;0.04726228750394423;-0.03654268067631006;-0.04115879781730426;0.014157547403444395;0.11025349073214961;-0.005455921136665571
1.8039558359999999;0.0003708700538505243;-0.02630164082224552;0.060445499080914414;-0.0069048745869421365;-0.021700813422010974;0.05692362513658981;0.047561310099948385;-0.038038703400630876;0.0044062799582891814;0.008391831100818571;0.004356777877973146;-0.039562473804736945;0.18644757650732388
1.10038103;0.0016736514130149933;0.007019922411564909;-0.018552359095861136;0.03843990406363493;-0.17153293611400725;-0.026930070484232457;-0.07649787245612243;-0.04877231647235514;-0.008336199092959882;0.005683415466733967;0.01374166847277658;-0.0007634984612173922;-0.0018127357492079465
-4.02064785;0.008075845675994127;-0.04321888244092474;0.015447483157337996;0.023073422443705638;-0.2917949942386849;0.42242024560909314;-0.13328094106705016;0.0038573054385639283;0.0006251734353908907;0.02692793052817605;-0.09871165067652354;0.0983018222625731;-0.01932225548328499
3.4571296819999997;-0.06630462397130417;-0.05820261044993284;0.041621924208884185;-0.012395301203573192;0.039664707298979945;0.06357830350600407;0.10819190937386558;0.03869407184314275;-0.022697083237012257;0.006534596719071628;0.10924722616909645;0.11753137426835919;-0.05108636886457186
-1.424068431;-0.05122639588835745;0.04609142884841885;-0.0012889172270827741;-0.038133874455022115;-0.0841243082318147;0.40041597351582264;0.15113958013494064;0.08178222573073607;-0.05785128500481511;-0.1447515474148521;-0.09577392264635325;-0.0902993012611929;0.053592356436522104
6.475112277999999;9.011042094579999e-05;0.012534513903057187;0.01785934889182996;-0.04205565209547894;0.049978851214048686;-0.43259487075917163;-0.04954666153648575;0.06649022319966699;-0.019782916234986656;-0.06529370468073961;-0.00990727580772167;0.05930705704881139;-0.02634092256856422
9.593903803;-0.06576417668074191;-0.024771993318953904;-0.049695304782576145;0.012937396460079577;-0.05905130846704655;0.09260732319159568;-0.017296993684947325;-0.02976077526266146;-0.022083558121719353;0.024356045647393156;-0.01554709135781129;0.015206017856138418;0.05460146661913697
14.10577906;0.03622339502150651;-0.0014852824232527864;0.06251878766617115;-0.004524877535463482;0.09259268572971852;-0.049050717946481456;-0.03183867111196915;-0.017150764436859242;-0.0038067092048929777;-0.013035343045264053;0.03514690883786091;0.0633938183952032;-0.16231152409176336
5.185143801000001;0.02403407145521896;0.023233886681806225;0.03379136303437451;-0.02793437594513939;-0.23571345814843736;-0.01222166390082835;0.056547207729235986;-0.03840522735703915;0.04229059016593008;0.00036688663930268243;-0.15945529890823043;0.16643479526159044;0.004083078708220785
8.598578352999999;-0.00013789675185109533;0.0179584038455963;-0.023500906552445085;0.05365839575371108;0.16440374655999582;-0.013854472957577928;-0.009134298506123292;-0.08353584744793825;-0.009660522382839137;-0.05371536230117622;0.029703250817385597;0.1061320492460961;-0.0823908934084559
9.361181663;0.06932913779834042;0.03687959104103909;0.008720359230720866;0.013019823994840841;0.3664541764148115;0.1492526178238003;-0.08587695036561128;0.007924054777601348;-0.03198537500553446;-0.008962922384687117;-0.120379362979184;0.003519493022238758;-0.044031790214930616
1.856502151;-0.007460063752996187;-0.008634489797768796;0.02201926261503128;0.031515923673446286;-0.24400822182852627;-0.09043435885771497;0.010484723863254173;-0.019916007948567686;-0.025179159948269147;-0.019834260390088617;-0.028869454773825562;0.09027683264113927;0.007651153887645398
2.202188113;-0.03529950186267951;0.012799465969503607;0.007343133725139839;0.008875704086541224;0.18195284777926848;-0.04336961173817119;0.057775256826103565;-0.03306343339385754;0.0030682383341544953;-0.007403355948383357;0.06641874039884421;-0.01699812475054083;0.10801006289123805
0.5988076;0.006416142263467534;0.006144441923942126;0.02868111528678182;-0.014933049727272666;-0.005645401617605218;-0.002880263899888275;0.362445933052723;-0.02658196630400105;0.019330664192214707;-0.009814845726907016;0.11135942436916957;0.049857031786523;0.13477199313611155
-0.020399143;0.11779114554822259;-0.016267933705857444;0.006903907079832107;0.008709887924154247;-0.1807156710645949;0.009202746193257932;0.026652523292298492;-0.03152811804466464;0.01612375885076;0.01673683893612679;-0.033008655199104515;0.01494503150348966;-0.03177620617460712
-2.544433696;-0.016561885609425682;0.013818156751978705;-0.012786663630178623;-0.012003243690576025;0.14071037903402953;0.000790144654220892;-0.0623358955259587;-0.0025492254986519054;0.009415186344930805;0.0421139210231933;0.08249009223533284;-0.012576084791723691;-0.07142440627785
4.660392208999999;0.037642773928995704;-0.0057153476079686745;0.039972239038563506;0.05116149783173691;0.030849131018822216;-0.02252499687861136;-0.20207283314010727;-0.029743766255649916;-0.009585708034132995;0.027003401714705246;0.08909534650101941;-0.06298971039906695;-0.11313969125238804
3.98438494;-0.017914044186339084;-0.00674841832764497;-0.01162023252487075;0.05013107925569772;-0.041459035787442255;0.14887629001058014;-0.18468263743305638;0.01107982418254781;-0.0009680252567690101;-0.034005431929970395;0.09259471130763501;-0.037071376390171745;-0.056989175167178704
6.147219387000001;-0.03426812544783291;-0.05270438068898303;0.03302944967219729;0.01583811084139379;0.07940482252934379;-0.006059800202212941;0.018587798642854307;0.0020367020352070617;-0.013610694509581257;0.029598317294856905;0.0056260322956639295;-0.034558435479310354;0.03310309081733968
5.436601698;-0.018059243038591386;-0.010966660489876283;0.019613266209708036;0.001507488731933315;-0.07488848101203122;-0.0054743533250215855;0.06328047604773865;0.00780842585891792;-0.003802293748526248;0.019956756354073152;0.05662303587553168;0.06816079007298824;0.09333026133205823
5.309133305;-0.0005746002470180468;0.011315841201363388;0.004961528707095925;0.011964838703596206;-0.04985809092896569;0.04281875415744898;-0.15352528470280138;-0.01463229897969593;0.00954359209152156;-0.03446480160467765;0.12388524465224826;-0.0552820918565501;0.008331801190491631
11.39851356;0.04826695991766056;0.08693872422407642;-0.04290763594728647;0.04720390643228504;0.0008992328509571906;0.02077390443712704;0.21983701809393436;-0.12822090850238466;-0.007551816604440143;-0.1385214403672271;0.03417555299227829;-0.012936169296783286;-0.015575324342799773
12.60616594;0.08293037495874454;0.10645493407681027;-0.011472683428232811;-0.0275717878397698;0.12878370368315836;-0.00786572164762858;-0.03870424636499963;-0.017446425280443517;0.032677669424432634;-0.013245638521595797;-0.0841948510307061;-0.010463805580206114;-0.10507255090842882
20.18101402;-0.010679605065192352;0.11916051553890672;0.07238911695051739;-0.24359935590579557;-0.06981982843624797;0.09508428057386163;-0.008584412954381105;0.23112987786695005;0.04996780432395339;0.2651907927674888;0.06659941736920928;0.05933837318716573;0.013721548545358578
7.505808134;0.05296394176920406;0.025819467404191474;-0.02408703409100321;-0.06741575741790753;-0.0016970814835828515;-0.031988662927556984;0.10756665502601229;0.03361172006097954;-0.00605938347607697;0.03827743369000622;-0.03518158195494236;-0.12069681085703012;0.11840520196881076
-9.895733766000001;-0.005380291406596677;-0.04630748559133829;0.0008963344341909221;0.03670435510382852;0.023298177069307223;-0.010291128514142503;0.07406913029115346;0.015228215853203265;0.029660690788124132;0.015209137256847865;-0.1304156392246146;0.13769523423384303;-0.041571856192348024
-10.47314446;-0.004750997456426532;-0.02623144392991036;0.011420614269436968;0.029429556767107602;-0.06637199005442072;0.014819487707710712;-0.11239018476518658;-0.011164953603120366;0.01736386522326769;-0.0017020529237472607;0.21932776906845056;0.25574912401830346;0.03016601601465637
-3.895427746;-0.1350174671954201;-0.03256223723545219;-0.008544274743875561;-0.0007459495618517871;-0.05612370633602956;-0.08279982158290994;0.004381134973883876;0.04196455635125134;-0.026159157839341366;-0.062305108707550114;0.03948796028022246;-0.1107158366114515;0.10713610179990665
-9.076073122999999;-0.07247892188904376;-0.0325815647123771;0.020767797985408912;0.03978936709038791;-0.016252849520489405;-0.004427780314901889;0.0901073613652062;0.01614710060536921;0.016093446471281733;-0.018736741218305267;-0.05196818291984065;-0.3475487502553554;-0.457621859229411
5.4993520160000005;0.0160797275451073;-0.030847953160289206;-0.008686733139500974;0.03495458678792075;0.047954308892307014;-0.10252175959145596;0.07549370318997581;0.010863955068472252;0.03387151886238296;0.03798295163773166;0.12796754819803377;-0.11005192554461779;-0.3690101473003972
3.171882502;0.047877037829554235;-0.027287587868947787;-0.008175888151775829;0.1457357290195805;-0.0734993551463581;0.09431937558685767;-0.1577767137071567;0.07037423150802108;0.010338252314101093;0.03828329361198974;0.057207436900095346;-0.4373039164699541;0.38257708204745566
3.940947992;-0.10975465988455176;-0.13955763889875863;-0.04729212638105874;0.04666879879136024;-0.0007484472691980942;-0.03892558216243741;0.015709107886886897;0.035415918756384945;0.14521194681520172;0.06113325460792562;-0.013660953866761912;-0.00712338245377544;-0.022293561230083952
-1.741767517;0.03396661184286203;-0.07802300305415193;0.07264544784402653;-0.1106722232536761;0.04469819755792004;0.016665545964424957;-0.039128250425745005;0.052420181558883526;0.2685268177423798;-0.07303097113435533;0.11125317224633632;-0.046932108553214724;0.06826031640956344
12.33994769;-0.007455850454963235;-0.05340893436829837;-0.039205127393134795;0.08585951338048078;-0.038325611403712365;0.04414897764786589;0.1404774859248079;0.04989989391879672;0.17651988318027081;0.029026562715358174;-0.10052855588331311;-0.041734677468474306;-0.14371709740458202
13.68259975;0.10792688348622272;0.0013787568060342282;0.014917623405874745;0.0016786146311004249;0.16550202690346474;-0.11963180521110879;0.18898721821616218;-0.004913114224118081;-0.002875763129011556;-0.09123527754657601;-0.10946950560418939;0.0023957573591820553;0.08136092591071603
-1.15638982;0.01158508227744293;0.08020120956126622;0.03594191499051202;-0.014917895174145832;0.020845450323798982;-0.1098398147468461;-0.0721807477619435;-0.006175485609647909;-0.015568962212955433;-0.029904132707278187;0.2003277624899954;0.14810585742573878;-0.01619390655723402
4.813475452;0.07282462239432547;-0.04272818987965345;-0.0266012499325899;0.052084510625571075;-0.013804027605354506;-0.06374845495226748;-0.23488132543580645;0.025293777928585767;0.029683677561166563;0.032172664678165964;-0.07847276925723318;0.22194805861507538;0.15183518337720503
3.58825956;0.0737578660707849;-0.05708204679887064;-0.01906484008661328;0.05149136397579208;0.05649867913069603;0.02694665855862326;0.15106489203168705;-0.005906455834553592;0.044716017264475307;0.01753891896309111;0.1330572538017951;-0.02316031811281727;0.11525121179230774
3.128862055;0.0513518759944906;-0.08165613488166987;-0.040707501427180534;0.06033004567619305;0.03178936551949511;0.03670206562300242;-0.051474937715262244;0.06913928627219533;0.07153065468828872;-0.0483560836517295;-0.11271384863066952;0.08650341880338543;0.0388548739708801
-1.348098181;-0.058984967805042005;0.03151290018601403;-0.013255837891308369;0.03587217489687132;0.10311408915463328;0.0035457961961645993;0.21837572364699548;0.0054739718939749585;0.05558470512592326;-0.019686076219999408;-0.39237712449296436;0.03972629385725271;0.022605905022810246
2.224378424;0.02395225952613282;0.05897266272531679;0.00846311741891261;0.022109082497032813;-0.02519532747305133;0.015079372254896084;-0.10601869290881884;0.007537512718204208;-0.04028544151738157;-0.052670742147619735;-0.27833526652483154;-0.02348690646047354;0.053567720649074106
0.149483435;-0.004558870679591872;-2.5561994906636593e-05;-0.011816044148720522;-0.011714967392087775;-0.010527296720056659;0.04001620743011243;-0.2505880288922049;-0.046611094601860394;-0.04811851691837757;-0.11525195239768907;-0.1603996550870171;0.05009303264454579;0.05475434649990833
1.572979361;-0.016671875798125724;-0.03719314194242804;-0.04082652792920201;0.06131997405996373;0.038190498168830495;0.03269255164864452;0.10671580659918452;-0.012523274748744073;0.04675360521017798;0.13796510594628464;-0.0182309846628169;0.10402295640732698;0.06417469960153944
8.820629321;0.03984979662628306;0.06484934618715922;0.015918738924641972;0.014966517188219872;-0.2697057842067036;0.06627677389404661;0.06132293117318254;-0.06146032733155504;0.03524997504708292;0.20895159430224164;0.05668228454428939;-0.05428101193408816;-0.032525101726436106
-1.307437707;-0.02692206490227338;-0.04161261005783111;0.041557553212692416;-0.09060510867205532;0.06245938423078753;0.02243870295024967;-0.13638129563565016;-0.03016497922520278;-0.02620251695380819;-0.03523857199955335;0.16546747739358478;-0.1282326596751925;-0.14063514843705607
-0.228510701;0.01175922020272665;0.05031314614510269;-0.0515970432158667;-0.027223636751431274;0.0330751250356296;0.0793312341506909;-0.05310335162503521;-0.04349837160405281;-0.01972499643556355;-0.24821668172457573;0.0629336038446513;0.030177491739815862;-0.061422028165771636
-3.432695537;0.04275693543076451;0.034621714453713585;0.0154932604843552;-0.013255413031171672;-0.018164409476734183;-0.010746391419056783;0.048212029267518185;-0.004970391734443661;-0.017594554939601194;0.009852912927896555;0.16110279044340892;-0.020532579529268426;0.0780327811508398
2.346815953;-0.04361950267861394;-0.031054647916971392;-0.012092093675437626;0.013295074358283077;0.004177281674191065;0.006503597480919158;-0.15003572308225144;0.007488486113092623;0.007097673900339671;-0.008816301447699532;0.1296733151968493;0.032935129062583904;0.07262555433483953
-3.880470565;-0.013618086389867936;-0.003393919787755883;0.0672430136999764;-0.05973984340100256;0.015158936979385813;-0.0071105319271429724;0.15403121218403282;-0.02441999327251493;-0.04736347888625193;-0.008667976932880619;-0.20787340447572228;0.15182654404173115;-0.0604565605179287
